# NaN NaN NaN ;Mean Elev.(m), Avg Gradient(m/km), RMS Gradient(m/km) - SRTM1     
#    8.772  -5.394   5.265 ;Mean Elev.(m), Avg Gradient(m/km), RMS Gradient(m/km) - ASTER GDEM
#    0.279  -0.549   7.064 ;Mean Elev.(m), Avg Gradient(m/km), RMS Gradient(m/km) - GMTED2010 
   1  44.092519  66.031400     7.313     3.084 15 54666.43432321 32.999
   2  44.090885  66.032435    19.508    23.146 15 54676.34996759 28.839
   3  44.094866  66.034034     0.788     0.913 16 54686.26561110 46.005
   4  44.095213  66.035218    23.701    23.374 15 54696.18125265 26.284
   5  44.095349  66.034479     2.082     2.295 15 54706.09689234 37.974
   6  44.093158  66.031969    13.791    20.662 15 54716.01254454 31.961
   7  44.086402  66.029656     3.960     3.035 15 54725.92819385 34.533
   8  44.087734  66.028878    20.719    22.523 14 54735.84384200 23.755
   9  44.088854  66.030256    15.706    15.935 15 54745.75948926 30.421
  10  44.091823  66.031735    50.141    50.701 15 54755.67513623 20.427
  11  44.092021  66.031638    14.954    15.534 15 54765.59078156 30.943
  12  44.087889  66.029802     4.911     2.964 14 54775.50642358 29.634
  13  44.085327  66.028021    15.600    14.689 15 54785.42206326 30.176
  14  44.086982  66.028084     2.811     2.773 14 54795.33770183 45.092
  15  44.088113  66.030306    48.066    46.800 14 54805.25333966 19.788
  16  44.090435  66.032326     0.710     0.600 15 54815.16897707 47.540
  17  44.093924  66.032754    -0.058    -0.068 15 54825.08462357 48.438
  18  44.088737  66.031980    -0.865    -0.887 15 54835.00026277 43.889
  19  44.088648  66.031663    -0.554    -0.555 15 54844.91591256 45.300
  20  44.091149  66.032315     1.701     1.690 15 54854.83156175 43.768
  21  44.093022  66.033817     3.335     3.424 15 54864.74721070 33.940
  22  44.093859  66.034354     1.415     1.350 15 54874.66285926 45.214
  23  44.091223  66.033520    -0.005    -0.060 15 54884.57850487 41.920
  24  44.089266  66.031184    -1.084    -1.028 15 54894.49414716 42.845
  25  44.085255  66.029224    -0.770    -1.016 15 54904.40978660 40.162
  26  44.084844  66.028962     2.010     1.935 15 54914.32542519 43.257
  27  44.087617  66.030160     2.218     2.238 14 54924.24106352 46.373
  28  44.090108  66.031516     0.968     0.948 15 54934.15670104 45.384
  29  44.087484  66.031769    47.081    47.822 15 54944.07233617 24.282
  30  44.088927  66.030288    47.661    45.827 14 54953.98796953 15.642
  31  44.084801  66.028652    22.894    21.132 15 54963.90361441 36.210
  32  44.086788  66.028460    18.330    22.625 14 54973.81926294 31.199
  33  44.085567  66.030190    24.995    24.930 15 54983.73491047 22.408
  34  44.093473  66.031859     2.724     2.777 15 54993.65055865 36.979
  35  44.091268  66.032779     4.907     2.388 15 55003.56620481 31.110
  36  44.091379  66.032482     7.478     2.671 15 55013.48184919 34.765
  37  44.089822  66.031999     1.938     2.192 15 55023.39749204 35.355
  38  44.092011  66.032435     4.116     2.578 16 55033.31313454 33.263
  39  44.095113  66.033367     3.302     3.313 15 55043.22877640 31.210
  40  44.092994  66.033925     2.313     2.311 15 55053.14441621 40.606
  41  44.090067  66.032914    15.104    16.962 15 55063.06005376 30.113
  42  44.088611  66.030886    47.659    49.338 15 55072.97569842 21.933
  43  44.087481  66.029173    10.595     3.703 15 55082.89134661 32.597
  44  44.086574  66.029046    20.750    19.376 14 55092.80699319 27.922
  45  44.086416  66.029974    16.180    20.729 15 55102.72263959 28.023
  46  44.090756  66.030836    18.491    23.111 15 55112.63828609 30.561
  47  44.091198  66.030677     8.176     2.768 15 55122.55392991 33.629
  48  44.088247  66.029656    50.491    49.020 15 55132.46957054 18.700
  49  44.086857  66.028503    -0.735    -0.714 14 55142.38520928 44.765
  50  44.085485  66.028790    -0.462    -0.330 15 55152.30084741 45.019
  51  44.089051  66.030153     1.943     1.967 15 55162.21648626 43.803
  52  44.090519  66.031867     3.614     3.556 15 55172.13212455 48.414
  53  44.092296  66.032760     2.347     2.357 16 55182.04776131 42.618
  54  44.090051  66.032682    -0.773    -0.770 15 55191.96341144 45.159
  55  44.092938  66.032571    -1.462    -1.377 15 55201.87906182 44.879
  56  44.093590  66.032919    -1.535    -1.431 15 55211.79471134 45.764
  57  44.092370  66.033313     2.726     2.699 15 55221.71036022 43.054
  58  44.093541  66.032575     4.132     4.106 15 55231.62600814 41.886
  59  44.093025  66.031207     2.208     2.163 15 55241.54165272 40.614
  60  44.087804  66.029875     3.001    -0.830 15 55251.45729340 30.869
  61  44.087584  66.029120    -0.104    -0.220 14 55261.37293226 38.253
  62  44.087362  66.029624     7.841    12.125 15 55271.28857022 36.443
  63  44.087572  66.030384     1.154     1.322 15 55281.20420813 43.076
  64  44.088174  66.030667     3.610     3.522 15 55291.11984491 47.048
  65  44.088341  66.030295    48.471    50.076 15 55301.03547937 15.018
  66  44.085998  66.029442     5.674     3.939 14 55310.95112604 29.210
  67  44.085955  66.029075    14.854    15.896 15 55320.86677158 36.390
  68  44.088559  66.029571    49.321    49.174 15 55330.78241622 22.183
  69  44.091407  66.030740    47.344    49.344 15 55340.69806078 13.343
  70  44.092656  66.031667     6.309     3.666 15 55350.61370499 24.744
  71  44.093182  66.032130    11.775     6.640 15 55360.52934701 27.923
  72  44.091212  66.032423     2.988     2.635 16 55370.44498666 33.998
  73  44.090203  66.032944    26.740    24.537 15 55380.36062493 20.083
  74  44.094155  66.033484     4.612     2.455 15 55390.27626295 32.174
  75  44.091572  66.033706     3.763     1.956 15 55400.19189928 34.689
  76  44.093553  66.032369     3.036     3.137 15 55410.10754733 24.906
  77  44.089912  66.030377    11.145     9.766 15 55420.02319736 23.639
  78  44.088254  66.028956     5.586     3.049 15 55429.93884435 33.452
  79  44.085798  66.029229    49.180    48.027 15 55439.85448872 23.644
  80  44.087671  66.030290    13.696    15.665 14 55449.77013199 31.819
  81  44.090102  66.030846    42.524    41.829 15 55459.68577488 23.754
  82  44.088874  66.030392    19.392    21.514 15 55469.60141656 27.728
  83  44.089008  66.029254    20.742    23.303 15 55479.51705521 26.082
  84  44.086448  66.028739    10.032     3.611 14 55489.43269086 32.331
  85  44.088023  66.029223    48.363    47.983 14 55499.34832464 25.101
  86  44.089104  66.030632     0.164    -0.119 15 55509.26396497 46.029
  87  44.089546  66.031689    -0.693    -0.717 15 55519.17961502 48.127
  88  44.088364  66.032238     1.597     1.634 15 55529.09526401 41.160
  89  44.089790  66.032073     4.361     4.348 15 55539.01091144 43.430
  90  44.092065  66.032010     2.239     2.299 15 55548.92655669 43.003
  91  44.092570  66.032601     0.175     0.231 16 55558.84220003 44.381
  92  44.093374  66.033510    -0.825    -0.768 16 55568.75784251 45.311
  93  44.091872  66.033513     5.112    -0.969 15 55578.67348392 41.781
  94  44.088176  66.032009    -0.971    -0.994 15 55588.58912277 45.455
  95  44.087404  66.029680     2.996     2.952 14 55598.50475885 28.328
  96  44.086128  66.028518     2.738     2.716 15 55608.42039232 29.333
  97  44.086080  66.029268    -0.114    -0.199 15 55618.33602404 28.103
  98  44.091194  66.030974     0.591    -0.158 15 55628.25167142 38.495
  99  44.090701  66.031772     7.769    11.089 15 55638.16732265 44.012
 100  44.089879  66.030815    44.990    45.977 15 55648.08297178 20.824
 101  44.087474  66.028887     3.933     3.892 15 55657.99861781 48.149
 102  44.084309  66.028090    16.823    22.132 14 55667.91425967 35.352
 103  44.085063  66.029171    20.189    23.424 15 55677.82989921 29.080
 104  44.089089  66.031268    39.336    42.680 15 55687.74553708 24.440
 105  44.093532  66.032762    50.101    53.109 15 55697.66117372 16.673
 106  44.090402  66.033053    49.627    48.833 15 55707.57680874 23.302
 107  44.092043  66.032091    17.703    18.448 15 55717.49246011 23.348
 108  44.088411  66.031931    17.306    18.383 15 55727.40810828 17.427
 109  44.089717  66.032624     2.652     2.446 15 55737.32375525 34.438
 110  44.091257  66.033557     7.767     2.708 15 55747.23940099 35.429
 111  44.093008  66.033333    51.282    52.710 16 55757.15504468  9.725
 112  44.090415  66.031667     0.957     0.683 15 55767.07068539 36.890
 113  44.087252  66.029347     2.566     2.683 15 55776.98632306 36.545
 114  44.083951  66.028164    49.451    53.284 15 55786.90195799  9.974
 115  44.085866  66.029199     1.982     1.959 14 55796.81759167 35.649
 116  44.087531  66.031099     2.652     2.462 15 55806.73323361 36.629
 117  44.090844  66.032108    48.706    48.880 15 55816.64888291 25.687
 118  44.088502  66.031149     5.079     2.753 15 55826.56452851 34.159
 119  44.088897  66.029272     8.065     2.919 15 55836.48016999 32.418
 120  44.084226  66.028275     7.248     3.234 15 55846.39580773 30.928
 121  44.088447  66.029396    11.034    14.202 15 55856.31144371 30.670
 122  44.089316  66.031733    25.198    25.117 15 55866.22708641 23.936
 123  44.094438  66.033314    12.410    13.206 15 55876.14273940 40.439
 124  44.094200  66.033371    47.496    46.992 15 55886.05838592 19.818
 125  44.092285  66.032606     5.221     0.010 15 55895.97402650 35.872
 126  44.091057  66.031947     1.949     1.931 15 55905.88966193 46.359
 127  44.090130  66.032384     3.236     3.329 15 55915.80530512 37.007
 128  44.092806  66.033028     2.129     2.145 16 55925.72095897 49.908
 129  44.092302  66.033138     0.763     0.524 15 55935.63660928 48.542
 130  44.088261  66.031553    -0.877    -0.824 15 55945.55225447 46.630
 131  44.086561  66.029154    -1.547    -1.585 15 55955.46789547 47.355
 132  44.085341  66.027910    -0.878    -0.926 15 55965.38353384 45.147
 133  44.086620  66.028923     2.413     2.399 15 55975.29917116 40.472
 134  44.088352  66.031118     1.068     1.081 15 55985.21480758 42.065
 135  44.092005  66.032316     0.128     0.055 15 55995.13044234 46.627
 136  44.092916  66.031212    -0.478    -0.497 15 56005.04609458 48.805
 137  44.087068  66.029253    -1.771    -1.642 14 56014.96174232 49.349
 138  44.086591  66.028306    -0.715    -0.662 15 56024.87738745 48.257
 139  44.089131  66.029545    47.109    46.996 15 56034.79303079 13.533
 140  44.092618  66.031921    35.275    28.231 15 56044.70867211 23.998
 141  44.093011  66.033703    22.912    23.931 16 56054.62431039 29.190
 142  44.093173  66.033872    51.663    52.203 16 56064.53994497 22.512
 143  44.091652  66.032816    47.317    47.789 15 56074.45558880 24.153
 144  44.093467  66.032020    33.930    32.214 15 56084.37123863 17.138
 145  44.091462  66.032146    54.150    51.497 15 56094.28688574 14.965
 146  44.091032  66.032671     4.317     2.519 15 56104.20253085 33.353
 147  44.092727  66.032196     4.255     2.579 15 56114.11816167 35.719
 148  44.090432  66.031205    49.186    49.117 15 56124.03379994 24.664
 149  44.088205  66.029658    13.451    13.954 14 56133.94943424 44.061
 150  44.086830  66.028927    16.116    15.659 15 56143.86507354 38.771
 151  44.085857  66.029408    11.332     3.157 15 56153.78072381 29.082
 152  44.089244  66.030658    13.900    11.648 14 56163.69637315 29.527
 153  44.089261  66.031601     4.622     2.579 15 56173.61202012 36.870
 154  44.091082  66.031205    48.921    50.175 15 56183.52766221 25.445
 155  44.086288  66.030115    45.427    49.043 15 56193.44329997 23.299
 156  44.087200  66.029398     8.055     3.021 14 56203.35893549 30.937
 157  44.086972  66.030486    15.394    16.058 15 56213.27456924 31.060
 158  44.093266  66.032519    24.035    24.440 15 56223.19020276 24.803
 159  44.094303  66.033912     2.404     2.301 16 56233.10585908 47.536
 160  44.093693  66.033943     0.888     0.674 16 56243.02151126 43.121
 161  44.092138  66.033022     0.526     0.015 15 56252.93715878 44.234
 162  44.091053  66.032323    -0.661    -0.685 15 56262.85280184 43.649
 163  44.092179  66.032212    -1.018    -1.028 15 56272.76844313 48.576
 164  44.089676  66.032385     2.614     2.683 15 56282.68408541 43.444
 165  44.088695  66.031843     2.253     2.224 15 56292.59973714 32.781
 166  44.089200  66.030435     0.959     0.917 15 56302.51538457 46.462
 167  44.087050  66.029281    -0.529    -0.500 15 56312.43102757 49.617
 168  44.085836  66.029219    -1.274    -1.202 14 56322.34666849 44.716
 169  44.088536  66.030121    -1.379    -1.504 15 56332.26230920 48.761
 170  44.092358  66.030935     2.771     2.681 15 56342.17794957 47.692
 171  44.092404  66.031251     3.008     2.979 15 56352.09358731 40.859
 172  44.087713  66.030793     2.230     2.133 15 56362.00922743 44.596
 173  44.086293  66.030137    -0.561    -0.394 15 56371.92487665 37.632
 174  44.090416  66.030236    -1.160    -1.212 15 56381.84052368 45.249
 175  44.092866  66.031485    -1.670    -1.727 15 56391.75616837 46.299
 176  44.092608  66.032803     8.988     6.919 15 56401.67181119 36.478
 177  44.093954  66.033430    17.794    19.834 16 56411.58745142 34.412
 178  44.093824  66.033325    16.252    19.244 16 56421.50308658 30.876
 179  44.092967  66.033027     9.749     3.144 16 56431.41872598 28.554
 180  44.092184  66.032755     2.891     2.885 15 56441.33437873 33.901
 181  44.092624  66.032594    48.689    48.533 15 56451.25002911 24.951
 182  44.088731  66.032124     4.635     2.590 15 56461.16567676 32.709
 183  44.088432  66.030876    11.803    14.576 15 56471.08132145 21.710
 184  44.087014  66.029820     2.961     3.052 15 56480.99696243 35.339
 185  44.087693  66.029501    51.246    51.189 15 56490.91259969 18.099
 186  44.088741  66.030149     2.531     2.598 14 56500.82823442 34.978
 187  44.090075  66.031148     2.272     2.085 15 56510.74386772 38.299
 188  44.088804  66.031581     2.234     2.341 15 56520.65951162 40.025
 189  44.090073  66.031090    20.710    20.986 15 56530.57516502 23.183
 191  44.088188  66.030332     2.373     2.358 15 56550.40645937 39.883
 192  44.092330  66.031121     2.390     2.460 15 56560.32210255 37.669
 193  44.090872  66.032658     2.391     2.406 15 56570.23774419 36.367
 194  44.093305  66.033818     2.763     1.039 16 56580.15338481 43.011
 195  44.095267  66.033774     3.672     3.659 15 56590.06902142 42.515
 196  44.093166  66.032966     4.245     4.273 15 56599.98466751 46.974
 197  44.091253  66.032247    31.027    26.944 16 56609.90031782 26.088
 198  44.093483  66.032529     0.490    -0.022 15 56619.81596368 48.567
 199  44.093132  66.033048    -0.616    -0.664 15 56629.73160614 46.171
 200  44.090980  66.032677     0.091    -0.447 15 56639.64724512 38.658
 201  44.090166  66.030889     3.442     3.422 15 56649.56289058 45.226
 202  44.088017  66.029040     4.593     4.641 15 56659.47854149 45.071
 203  44.086113  66.028798     2.590     2.616 15 56669.39418858 35.472
 204  44.088469  66.030333    -0.495    -0.430 14 56679.30983372 41.159
 205  44.089291  66.031995    -1.021    -1.137 15 56689.22547715 45.558
 206  44.091510  66.032137    -1.387    -1.460 16 56699.14111800 42.253
 207  44.089532  66.031045     2.170     2.187 14 56709.05675385 41.091
 208  44.088360  66.030008     4.692     4.734 14 56718.97239332 49.195
 209  44.089038  66.030201     2.864     2.803 15 56728.88804581 44.215
 210  44.089671  66.032018    -0.688    -0.688 15 56738.80369430 48.934
 211  44.094985  66.033803    47.050    46.523 16 56748.71933939 23.141
 212  44.093055  66.034516    -1.473    -1.503 15 56758.63497919 38.149
 213  44.094597  66.033700    17.072    16.782 15 56768.55061320 40.232
 214  44.089416  66.032468     4.383     4.292 15 56778.46626017 47.053
 215  44.092269  66.031728    29.121    26.616 15 56788.38191630 27.460
 216  44.090012  66.032205    17.898    23.073 15 56798.29756847 27.865
 217  44.092987  66.032816    48.964    48.064 16 56808.21321536 21.975
 218  44.091280  66.032453     1.932     1.928 16 56818.12885605 35.637
 219  44.089567  66.030878     6.190     2.755 15 56828.04449316 31.418
 220  44.087564  66.029106     3.174     2.766 14 56837.96012702 35.138
 221  44.085245  66.029147     7.916     3.262 15 56847.87575800 31.960
 222  44.090036  66.030336     4.728     2.962 15 56857.79141134 34.094
 223  44.093789  66.032085     6.689     3.161 15 56867.70706506 32.503
 224  44.091209  66.032551    47.618    47.797 15 56877.62271648 26.253
 225  44.091349  66.031428     5.671     2.269 15 56887.53836499 34.280
 226  44.089329  66.029978     9.013     3.730 15 56897.45401062 34.105
 227  44.088564  66.030154    19.849    21.780 15 56907.36965364 22.188
 228  44.088445  66.032148    31.703    29.572 15 56917.28529458 24.868
 229  44.094047  66.034276    10.488    14.191 15 56927.20093409 32.889
 230  44.097400  66.035060    27.438    23.899 15 56937.11656968 19.238
 231  44.094538  66.034147    47.604    48.689 16 56947.03220006 21.791
 232  44.091816  66.032092     1.505     1.475 15 56956.94785397 41.227
 233  44.086709  66.031217    52.000    51.629 15 56966.86350211 14.222
 234  44.089058  66.031857    50.108    52.724 15 56976.77914675 16.428
 235  44.093258  66.032950    50.323    49.972 15 56986.69478703 19.204
 236  44.093301  66.032933    49.423    49.254 15 56996.61042114 19.782
 237  44.088068  66.031307    47.529    46.144 15 57006.52606556 20.800
 238  44.087491  66.029101    47.755    46.885 14 57016.44171978 22.950
 239  44.087258  66.028641     1.039     1.146 15 57026.35737021 41.102
 240  44.086916  66.030451     1.792     1.769 15 57036.27301864 40.865
 241  44.091588  66.032246     0.360     0.337 16 57046.18866494 37.596
 242  44.091403  66.032933    -0.307    -0.300 15 57056.10430741 42.640
 243  44.090319  66.031816    11.844    12.882 15 57066.01994462 42.147
 244  44.091213  66.030864     6.299     1.930 15 57075.93557750 37.101
 245  44.088511  66.031359    48.403    47.845 15 57085.85120696 21.571
 246  44.094541  66.032888     8.710     4.011 15 57095.76686448 20.251
 247  44.093470  66.034640     2.193     2.207 15 57105.68252061 39.374
 248  44.094512  66.035040     0.178     0.166 15 57115.59817240 49.022
 249  44.094633  66.033697    -1.355    -1.391 15 57125.51381790 47.203
 250  44.091161  66.032084    48.654    48.642 15 57135.42945779 15.328
 251  44.088593  66.031319     8.150     2.847 15 57145.34509347 32.993
 252  44.092906  66.031705    17.174    21.948 15 57155.26072731 26.548
 253  44.092469  66.032581    10.357     3.003 15 57165.17636704 31.753
 254  44.091530  66.032592    17.970    20.485 15 57175.09202366 25.522
 255  44.088163  66.031334    13.680    12.663 15 57185.00767643 32.861
 256  44.086624  66.029646     6.195     3.176 15 57194.92332534 34.014
 257  44.087545  66.029053    14.349    20.760 15 57204.83896072 30.326
 258  44.089958  66.030234     9.571     7.054 15 57214.75460627 28.477
 259  44.092811  66.031969     6.643     3.138 15 57224.67025035 34.860
 260  44.091669  66.032930     2.578     2.790 15 57234.58589220 33.995
 261  44.089812  66.032488     8.968     3.473 15 57244.50153074 34.383
 262  44.093259  66.031448     7.715     3.477 15 57254.41716726 36.032
 263  44.088304  66.031986    48.534    48.609 15 57264.33280162 17.277
 264  44.091368  66.033433     4.770     2.834 15 57274.24844176 34.925
 265  44.096658  66.034563     4.642     2.720 15 57284.16409950 34.356
 266  44.095892  66.034527    10.530     3.091 16 57294.07975394 34.965
 267  44.092124  66.033325     8.651     3.297 15 57303.99540453 32.601
 268  44.089074  66.031797    11.779    14.421 15 57313.91105133 34.464
 269  44.089426  66.031055     6.785     3.023 14 57323.82669518 34.417
 270  44.091641  66.031246     4.357     0.873 15 57333.74233723 48.932
 271  44.088686  66.032025     2.759     2.760 15 57343.65797685 45.760
 272  44.093180  66.031410     2.691     2.668 15 57353.57363048 42.318
 273  44.086742  66.030783     0.957     0.816 15 57363.48927389 47.548
 274  44.087280  66.029727    -0.832    -0.793 14 57373.40491460 46.562
 275  44.089344  66.029789    -1.085    -1.004 15 57383.32055364 47.040
 276  44.089302  66.030835    42.837    40.755 15 57393.23619206 19.440
 277  44.088777  66.032210     3.833     3.791 15 57403.15182952 38.205
 278  44.092228  66.032593     3.138     3.174 16 57413.06747449 35.063
 279  44.090224  66.032396     0.038    -0.052 15 57422.98312597 43.219
 280  44.088581  66.032286    -0.635    -1.214 15 57432.89877467 34.449
 281  44.092007  66.032709    39.154    42.420 15 57442.81442199 16.488
 282  44.092405  66.033670    20.563    16.953 16 57452.73006831 29.803
 283  44.095520  66.034135     4.576     4.561 16 57462.64571323 31.247
 284  44.094366  66.033703     2.803     2.806 16 57472.56135422 36.598
 285  44.090345  66.032830     0.848     0.481 15 57482.47699112 32.595
 286  44.090676  66.031844    46.209    49.204 15 57492.39262541 13.646
 287  44.092441  66.031850    37.530    42.904 15 57502.30825777 26.014
 288  44.088182  66.032130    10.763    13.068 15 57512.22390776 31.090
 289  44.090845  66.031801     5.287     3.297 16 57522.13956322 30.660
 290  44.089700  66.031069     7.792     3.439 14 57532.05521594 36.285
 291  44.090318  66.030140     5.458     3.113 15 57541.97086554 32.902
 292  44.089165  66.029857    54.164    52.906 15 57551.88651209 10.876
 293  44.088468  66.030449    50.309    49.581 14 57561.80215718 11.442
 294  44.086984  66.031498     4.233     0.729 15 57571.71780175 46.727
 295  44.092316  66.031873     2.705     2.824 15 57581.63344687 32.237
 296  44.090880  66.032036     6.250     5.790 15 57591.54908958 22.717
 297  44.088630  66.032101     2.809     3.005 15 57601.46472955 36.301
