# NaN NaN NaN ;Mean Elev.(m), Avg Gradient(m/km), RMS Gradient(m/km) - SRTM1     
#    8.482  -1.198   1.951 ;Mean Elev.(m), Avg Gradient(m/km), RMS Gradient(m/km) - ASTER GDEM
#    7.453  -0.513   4.177 ;Mean Elev.(m), Avg Gradient(m/km), RMS Gradient(m/km) - GMTED2010 
   1  44.135921  65.909704     8.696     8.609  4 54661.43616963 35.977
   2  44.132986  65.909825    13.128    16.453  4 54671.35181473 32.049
   3  44.132105  65.910791   -12.698   -12.677  3 54681.26745847 18.056
   4  44.134596  65.911629     0.073     0.033  3 54691.18310135 47.885
   5  44.134644  65.911337    -9.183    -9.121  3 54701.09874164 17.166
   6  44.134152  65.909893    17.389    17.145  4 54711.01438822 26.868
   7  44.136891  65.908697    -8.110    -8.117  4 54720.93003960 13.815
   8  44.135398  65.907700     1.576     1.508  4 54730.84568801 47.250
   9  44.137234  65.908061     1.493     1.390  4 54740.76133515 50.619
  10  44.137037  65.908564     4.618     1.364  4 54750.67698211 41.901
  11  44.137360  65.908828     8.836     8.731  4 54760.59262894 32.825
  12  44.135388  65.908145     3.893     3.851  3 54770.50827316 47.145
  13  44.136232  65.907366     2.991     2.929  4 54780.42391436 44.110
  14  44.137496  65.906768     1.842     1.891  4 54790.33955303 41.479
  15  44.137673  65.907157     1.693     1.496  4 54800.25519051 41.484
  16  44.136746  65.907977     1.428     1.461  4 54810.17082798 46.334
  17  44.135632  65.908850     0.879     0.770  3 54820.08646696 33.993
  18  44.136464  65.909346     3.735     3.765  4 54830.00211929 39.702
  19  44.134653  65.909694     3.125     3.162  3 54839.91775789 29.501
  20  44.132859  65.910524     2.854     2.870  3 54849.83340678 20.608
  21  44.133383  65.911788     8.940     9.080  4 54859.74905545 18.569
  22  44.132095  65.912440    17.705    17.723  3 54869.66470406 16.479
  23  44.131498  65.911515    18.016    17.864  3 54879.58035161 14.117
  24  44.135208  65.909616    17.743    17.912  3 54889.49599635 14.847
  25  44.136580  65.907787    17.636    17.577  4 54899.41163772 15.191
  26  44.137900  65.907759     9.515     9.436  4 54909.32727682 20.066
  27  44.134593  65.908666     9.899     9.993  4 54919.24291426 18.936
  28  44.135936  65.909400    17.915    18.018  4 54929.15855182 15.315
  29  44.135551  65.908473    17.298    17.492  3 54939.07418831 14.592
  30  44.134545  65.906760     8.619     8.499  4 54948.98982305 21.924
  31  44.134638  65.905670    15.766    15.762  4 54958.90546030 23.972
  32  44.133740  65.906270     3.662     3.666  4 54968.82110876 46.241
  33  44.135237  65.907824     2.693     2.639  4 54978.73675636 47.948
  34  44.136710  65.909067    -3.217    -3.228  4 54988.65240390 23.267
  35  44.134991  65.909178     0.315     0.307  3 54998.56805124 35.085
  36  44.136548  65.909288     0.825     0.812  4 55008.48369709 33.987
  37  44.135571  65.909506     2.454     2.397  4 55018.39934082 43.102
  38  44.134507  65.910535     1.500     1.388  4 55028.31498318 33.107
  39  44.132308  65.911666     2.057     2.041  3 55038.23062490 48.435
  40  44.133916  65.912068     0.735     0.686  4 55048.14626579 37.150
  41  44.133401  65.910482    -0.111    -0.124  4 55058.06190442 50.037
  42  44.133404  65.907896     0.839     0.795  4 55067.97754243 40.210
  43  44.138166  65.906501     1.033     1.117  4 55077.89319292 35.913
  44  44.137591  65.906787     2.324     2.198  4 55087.80884061 49.803
  45  44.135411  65.908288     1.780     1.747  4 55097.72448664 39.486
  46  44.134587  65.909479    16.288    16.189  3 55107.64013234 35.309
  47  44.132952  65.908782     4.691     0.840  4 55117.55577717 37.951
  48  44.136649  65.907054     0.796     0.788  4 55127.47142014 50.576
  49  44.136776  65.905613     2.043     2.030  4 55137.38706055 47.971
  50  44.134339  65.905861     2.685     2.685  4 55147.30269895 41.340
  51  44.135529  65.907895     1.763     1.814  4 55157.21833705 44.142
  52  44.135155  65.909469     1.905     1.863  3 55167.13397491 42.250
  53  44.132435  65.909673     0.956     0.917  4 55177.04961208 38.348
  54  44.136783  65.909126     1.822     1.800  4 55186.96525572 27.601
  55  44.137265  65.909130     4.797     1.702  4 55196.88090669 19.929
  56  44.133797  65.910151    11.719    14.588  4 55206.79655619 17.136
  57  44.131201  65.911705     6.719     2.218  3 55216.71220520 20.111
  58  44.133526  65.912303     5.361     2.221  4 55226.62785403 20.435
  59  44.132780  65.910606     8.531     8.358  4 55236.54349996 19.577
  60  44.136561  65.907966    16.283    16.763  4 55246.45914287 16.192
  61  44.137034  65.906038    16.569    16.736  4 55256.37478286 13.101
  62  44.134213  65.906397    17.327    17.406  4 55266.29042145 10.778
  63  44.133035  65.908418    17.303    17.552  4 55276.20605951 10.333
  64  44.135728  65.909697     2.426     2.417  4 55286.12169693 25.740
  65  44.134412  65.908560     1.730     1.720  4 55296.03733181 25.926
  66  44.133305  65.906160    16.633    16.642  4 55305.95297152 21.627
  67  44.136668  65.905085     7.896     5.284  4 55315.86861873 37.054
  68  44.138398  65.906115     2.863     2.758  4 55325.78426441 45.015
  69  44.135571  65.908244    15.722    15.876  3 55335.69990857 27.753
  70  44.132959  65.909930     2.318     2.298  4 55345.61555232 42.257
  71  44.134458  65.910258     1.148     1.071  3 55355.53119534 33.742
  72  44.135810  65.909790     1.035     1.064  4 55365.44683629 35.174
  73  44.135306  65.909345     1.020     1.054  4 55375.36247553 32.688
  74  44.133722  65.909802    15.954    16.104  4 55385.27811364 28.082
  75  44.133987  65.910641    11.605    14.888  3 55395.19375103 30.886
  76  44.133312  65.910824     6.673     2.433  3 55405.10939056 29.832
  77  44.134691  65.909731     0.980     0.977  3 55415.02504210 34.886
  78  44.133590  65.907369     1.339     1.299  4 55424.94069025 40.403
  79  44.136311  65.905767     1.541     1.503  3 55434.85633614 36.085
  80  44.138050  65.906196     1.515     1.504  4 55444.77198059 34.492
  81  44.134670  65.907744     3.501     3.548  4 55454.68762359 40.636
  82  44.136982  65.909471    12.900    16.018  4 55464.60326635 31.098
  83  44.135947  65.908925     1.364     1.361  4 55474.51890606 37.751
  84  44.137703  65.906950     9.071     8.904  4 55484.43454301 35.112
  85  44.134740  65.904949     0.640     0.614  4 55494.35017742 44.334
  86  44.137835  65.905614     4.895     1.553  4 55504.26581139 38.115
  87  44.133495  65.907780     3.625     3.637  4 55514.18146014 43.012
  88  44.134667  65.910082     2.625     2.626  3 55524.09710990 34.536
  89  44.134614  65.910772    16.108    16.246  3 55534.01275772 18.743
  90  44.135465  65.910183    16.169    16.297  4 55543.92840374 15.568
  91  44.135391  65.909708    16.329    16.540  4 55553.84404775 14.626
  92  44.135360  65.910204    17.652    17.563  3 55563.75969072 13.190
  93  44.133666  65.910771    16.799    17.169  3 55573.67533295 13.884
  94  44.133813  65.910406    16.855    17.140  4 55583.59097392 13.410
  95  44.138199  65.909020    18.251    18.100  4 55593.50661183 14.188
  96  44.136121  65.906852    17.792    17.535  3 55603.42224579 12.905
  97  44.133890  65.905617    17.307    17.365  4 55613.33787765 12.539
  98  44.136765  65.906203    17.942    17.880  4 55623.25351452 11.907
  99  44.137167  65.907736    18.250    18.082  4 55633.16916737 10.697
 100  44.138069  65.908559     3.890     4.002  4 55643.08481799 27.696
 101  44.135347  65.908062    16.599    16.745  4 55653.00046536 13.234
 102  44.136927  65.906800    15.911    15.929  4 55662.91610883 21.093
 103  44.133354  65.905970    17.498    17.350  4 55672.83174883 27.834
 104  44.134640  65.906666    17.039    17.518  4 55682.74738786 30.811
 105  44.138029  65.908490    16.206    16.243  4 55692.66302565 27.287
 106  44.133849  65.909628     8.374     4.431  3 55702.57866117 32.946
 107  44.133650  65.910169    15.678    15.680  4 55712.49430447 25.067
 108  44.133526  65.910091     1.075     1.087  3 55722.40995393 37.575
 109  44.134458  65.910120     0.879     0.858  4 55732.32560146 37.854
 110  44.134022  65.910224     0.252     0.207  3 55742.24124760 39.991
 111  44.134280  65.910217    -0.140    -0.432  3 55752.15689250 49.806
 112  44.137240  65.909594     2.238     2.196  4 55762.07253531 33.216
 113  44.133635  65.908082     9.354     9.235  4 55771.98817467 26.279
 114  44.133797  65.906576     1.682     1.757  4 55781.90381088 35.963
 115  44.136264  65.906261     1.595     1.607  3 55791.81944475 36.394
 116  44.133787  65.906541     1.482     1.492  4 55801.73507751 34.320
 117  44.135623  65.907705     0.007    -0.079  3 55811.65072788 46.175
 118  44.135562  65.908042    15.378    15.679  3 55821.56637649 24.219
 119  44.133896  65.907353     4.085     4.084  4 55831.48202014 36.128
 120  44.136044  65.906480     1.904     1.924  4 55841.39765957 32.826
 121  44.138729  65.906395     1.440     1.536  4 55851.31329599 42.570
 122  44.134211  65.907227     1.660     1.641  4 55861.22892971 34.403
 123  44.135100  65.909026     0.371     0.384  4 55871.14458288 46.330
 124  44.134845  65.910053     5.328     5.336  4 55881.06023315 41.122
 125  44.134381  65.910131     4.780     4.760  3 55890.97587674 35.981
 126  44.133845  65.909870     2.467     2.515  4 55900.89151448 34.646
 127  44.133607  65.909888     0.773     0.758  3 55910.80714759 27.492
 128  44.132756  65.910494     1.503     1.225  3 55920.72280146 45.005
 129  44.132732  65.910217     1.596     1.489  4 55930.63845366 44.115
 130  44.135668  65.908912    15.790    15.615  4 55940.55410220 18.624
 131  44.137336  65.907146    17.625    17.204  4 55950.46974600 15.750
 132  44.136288  65.906377    10.601    14.665  3 55960.38538555 20.959
 133  44.136893  65.907083    18.116    17.764  4 55970.30102295 15.010
 134  44.133849  65.908059     8.930     8.537  4 55980.21665893 20.518
 135  44.136016  65.908268    18.055    17.820  4 55990.13229442 12.451
 136  44.135956  65.907571    17.989    17.947  4 56000.04793831 11.576
 137  44.135278  65.906611    18.500    18.163  4 56009.96358886 12.203
 138  44.134107  65.906429    12.047    15.082  4 56019.87923533 20.065
 139  44.137686  65.907615     7.571     4.522  4 56029.79487933 19.043
 140  44.137969  65.909231     2.171     2.165  4 56039.71052117 32.914
 141  44.134851  65.910022    12.715    16.140  3 56049.62616063 34.747
 142  44.133590  65.910220     1.816     1.815  3 56059.54179758 50.624
 143  44.133844  65.909582    15.980    16.152  4 56069.45743267 26.588
 144  44.133876  65.909647    16.492    16.431  3 56079.37308375 29.097
 145  44.132758  65.910151    12.362    15.316  4 56089.28873200 30.282
 146  44.132583  65.910851     1.482     1.415  3 56099.20437784 36.067
 147  44.132853  65.910323     0.586     0.642  3 56109.12000972 33.387
 148  44.138310  65.908706     0.508     0.477  4 56119.03565068 42.639
 149  44.136184  65.906385     9.277     9.163  4 56128.95128728 30.998
 150  44.134290  65.905351     3.483     3.501  4 56138.86692058 37.406
 151  44.137420  65.906951    16.132    16.119  4 56148.78256927 34.461
 152  44.138121  65.908897    12.466    15.740  4 56158.69821850 35.569
 153  44.136620  65.909426     1.013     0.998  4 56168.61386632 33.076
 154  44.137010  65.908213     0.434     0.458  4 56178.52951121 44.396
 155  44.135146  65.906501     1.099     1.154  4 56188.44515147 35.757
 156  44.133534  65.905987    17.396    17.237  4 56198.36078840 28.841
 157  44.137299  65.907676     2.154     2.226  4 56208.27642304 40.377
 158  44.133964  65.909585    16.430    16.544  4 56218.19205537 33.992
 159  44.134143  65.910923    10.721    14.931  3 56228.10770050 31.415
 160  44.134159  65.910613     0.271     0.254  3 56238.02335469 43.728
 161  44.135084  65.909790     0.977     0.884  4 56247.93900508 45.528
 162  44.134621  65.909330     1.465     1.445  4 56257.85465039 43.024
 163  44.134272  65.910101    14.594    14.830  3 56267.77029252 27.606
 164  44.134058  65.910781    15.320    15.223  4 56277.68593298 23.231
 165  44.134222  65.910567    15.659    15.508  3 56287.60158143 18.427
 166  44.137691  65.908745    15.392    15.451  4 56297.51723095 17.403
 167  44.134423  65.906319    16.486    16.578  4 56307.43287589 17.553
 168  44.134107  65.905599    16.369    16.334  4 56317.34851836 14.985
 169  44.133122  65.907191    17.130    17.160  4 56327.26415935 15.316
 170  44.133702  65.909181    17.720    17.736  4 56337.17979948 17.969
 171  44.135151  65.909742    17.830    17.447  3 56347.09543799 16.077
 172  44.136349  65.908265    18.397    18.134  4 56357.01107385 13.570
 173  44.136419  65.906606    18.163    17.929  4 56366.92672206 12.028
 176  44.134656  65.910890     5.753     3.655  3 56396.67365969 19.570
 177  44.134181  65.912026    12.705    15.645  4 56406.58930100 36.031
 178  44.134278  65.911400    10.471    10.346  4 56416.50493873 36.657
 179  44.135328  65.909697     1.895     1.905  4 56426.42057176 36.978
 180  44.138120  65.909212     1.113     1.147  4 56436.33622248 46.593
 181  44.135023  65.909662     2.657     2.675  3 56446.25187392 47.448
 182  44.133540  65.910749     8.818     8.792  4 56456.16752319 28.883
 183  44.133136  65.910587     1.412     1.469  4 56466.08316941 39.404
 184  44.136469  65.908988     1.005     0.939  4 56475.99881204 49.928
 185  44.136961  65.906623     0.469     0.250  4 56485.91445085 43.327
 186  44.135433  65.905656     1.198     1.217  4 56495.83008670 37.963
 187  44.138031  65.907004     1.652     1.588  4 56505.74572142 45.010
 188  44.136720  65.908852     2.312     2.383  4 56515.66135436 35.444
 189  44.134760  65.909698     2.357     2.367  3 56525.57700874 44.376
 190  44.134806  65.908771     8.602     8.470  4 56535.49265948 31.245
 192  44.137267  65.907214     0.385     0.330  4 56555.32395083 48.879
 193  44.132907  65.908653     4.481     0.691  4 56565.23959324 30.108
 194  44.134237  65.911055    12.186    15.338  4 56575.15523485 28.892
 195  44.133893  65.912140     2.879     2.849  4 56585.07087328 43.405
 196  44.134160  65.911348     1.051     0.951  3 56594.98650958 47.693
 197  44.133794  65.910064     1.548     1.552  4 56604.90216233 48.739
 198  44.134064  65.909202     1.739     1.700  4 56614.81781036 48.269
 199  44.133265  65.909377     2.154     2.155  4 56624.73345455 42.065
 200  44.132523  65.909776     4.434     4.427  4 56634.64909597 33.703
 201  44.134972  65.909742     3.400     3.361  4 56644.56473347 31.660
 202  44.135753  65.908680     0.681     0.830  3 56654.48038640 31.693
 203  44.136936  65.907184     0.412     0.420  4 56664.39603510 33.161
 204  44.134501  65.906409     4.980     1.936  4 56674.31168078 21.929
 205  44.137585  65.907684     1.719     1.706  4 56684.22732584 22.066
 206  44.136529  65.909153    11.074    13.862  4 56694.14296845 17.667
 207  44.134137  65.909695     2.552     2.617  3 56704.05860653 24.331
 208  44.132765  65.908690     2.388     2.395  4 56713.97423932 40.538
 209  44.136970  65.908081    -3.624    -3.536  4 56723.88988950 12.827
 210  44.137143  65.908243     5.484     2.217  4 56733.80553995 25.876
 211  44.135130  65.909825    17.755    17.624  4 56743.72118685 13.016
 212  44.131344  65.911392    16.628    16.891  3 56753.63682929 13.891
 213  44.131496  65.911953     3.591     3.546  3 56763.55246665 46.676
 214  44.132945  65.911086    12.694    16.732  3 56773.46810060 33.731
 215  44.133389  65.910261    17.603    17.311  4 56783.38375804 28.016
 216  44.134839  65.909909     2.799     2.796  3 56793.29941192 46.568
 217  44.132959  65.909984     2.407     2.381  4 56803.21506261 43.220
 218  44.135131  65.910126    12.789    15.808  4 56813.13070582 24.641
 219  44.136242  65.909531    10.243    10.108  4 56823.04634538 29.851
 220  44.136934  65.908347    -3.409    -3.211  4 56832.96198074 12.870
 221  44.137020  65.907241     1.366     1.251  4 56842.87761262 50.380
 222  44.135629  65.907172     1.094     1.081  3 56852.79325311 41.687
 223  44.134616  65.908068     0.956     1.130  4 56862.70890717 35.763
 224  44.135539  65.909154     2.214     2.276  4 56872.62456086 40.124
 225  44.134741  65.909418     4.571     4.513  3 56882.54021126 40.140
 226  44.137296  65.909380    16.763    16.836  4 56892.45585839 28.521
 227  44.137748  65.909170     1.234     1.202  4 56902.37150221 36.196
 228  44.134024  65.909762     1.349     1.331  3 56912.28714373 35.551
 229  44.134156  65.910830    10.995    15.770  3 56922.20278399 36.402
 230  44.131182  65.911517    16.297    16.372  3 56932.11842167 29.292
 231  44.133112  65.911372     9.741     9.570  4 56942.03405456 33.553
 232  44.133627  65.910605     3.402     3.313  4 56951.94969734 41.263
 233  44.135357  65.910041     1.313     1.307  4 56961.86534851 45.714
 234  44.134869  65.909884     1.024     1.005  3 56971.78099459 43.440
 235  44.133583  65.909834    11.909    15.350  4 56981.69663649 40.716
 236  44.135484  65.909493     0.085     0.182  3 56991.61227422 37.234
 237  44.137020  65.908298     2.007     2.028  4 57001.52790655 30.519
 238  44.135350  65.907490     6.239     3.231  4 57011.44356390 28.324
 239  44.133352  65.907087    15.811    15.831  4 57021.35921539 20.425
 240  44.134514  65.908017    16.216    16.295  4 57031.27486433 15.663
 241  44.137761  65.909176    17.531    17.208  4 57041.19051153 15.206
 242  44.136631  65.909640    18.263    18.115  4 57051.10615621 14.798
 243  44.134841  65.909037    17.859    17.695  4 57061.02179663 14.136
 244  44.134335  65.908446    17.976    17.744  4 57070.93743163 13.897
 245  44.133042  65.908535    17.816    17.806  4 57080.85306230 14.412
 246  44.134356  65.909998    17.561    17.541  4 57090.76870412 12.383
 247  44.132139  65.911639    16.890    17.051  4 57100.68436165 10.313
 248  44.132552  65.912214    18.323    18.277  4 57110.60001623 11.197
 249  44.133921  65.911282    16.656    16.662  4 57120.51566522 19.933
 250  44.135388  65.909953     3.404     3.442  4 57130.43130840 21.595
 251  44.135863  65.909532     5.935     2.433  4 57140.34694624 25.571
 252  44.134819  65.909997     2.934     2.873  4 57150.26258048 45.989
 253  44.133455  65.910124     2.682     2.682  3 57160.17821165 38.523
 254  44.134760  65.909528     1.024     1.048  3 57170.09386464 33.967
 255  44.132883  65.907920     1.123     1.120  4 57180.00951982 42.808
 256  44.136729  65.906980    16.311    16.353  4 57189.92517153 27.773
 257  44.133200  65.907192     2.914     2.904  4 57199.84081905 43.132
 258  44.133010  65.908645    17.474    17.361  4 57209.75645325 31.063
 259  44.136252  65.910002     1.598     1.649  4 57219.67209769 50.266
 260  44.136198  65.909852     0.385     0.368  4 57229.58774072 38.236
 261  44.136426  65.909093     0.865     0.901  4 57239.50338151 38.586
 262  44.137206  65.908518    16.278    16.297  4 57249.41901940 31.507
 263  44.136254  65.909128    16.301    16.344  4 57259.33465481 29.460
 264  44.132899  65.910487     5.532     1.801  4 57269.25028873 32.457
 265  44.133862  65.912150     1.510     1.572  4 57279.16594003 48.780
 266  44.132142  65.912117     0.068     0.051  3 57289.08159566 43.941
 267  44.134004  65.910919     0.549     0.506  3 57298.99724871 38.780
 268  44.132801  65.909102     4.639     1.225  4 57308.91289783 42.599
 269  44.134702  65.908812    16.378    16.399  4 57318.82854374 32.257
 270  44.136092  65.909720     2.898     2.814  4 57328.74418659 47.678
 271  44.135295  65.910774     1.598     1.534  3 57338.65982706 40.808
 272  44.135172  65.910359     0.454     0.479  3 57348.57547587 33.893
 273  44.134425  65.908394     0.044     0.026  4 57358.49112186 34.115
 274  44.134087  65.906436    16.362    16.301  4 57368.40676463 14.976
 275  44.138441  65.906704     3.372     3.357  4 57378.32240506 32.698
 276  44.136521  65.908473    17.203    17.131  4 57388.23804333 13.746
 277  44.134764  65.910074    16.567    16.694  3 57398.15368076 15.381
 278  44.135092  65.910163    17.823    17.669  3 57408.06931675 12.041
 279  44.133991  65.908992    17.737    17.625  4 57417.98496971 11.633
 280  44.137201  65.908468    18.201    18.022  4 57427.90062061 13.305
 281  44.134232  65.909311    18.141    17.943  4 57437.81626835 11.551
 282  44.132935  65.911460    18.041    18.017  3 57447.73191491 11.687
 283  44.134758  65.913152     2.626     2.609  3 57457.64756065 29.323
 284  44.133590  65.912623    18.294    18.229  4 57467.56320340 12.511
 285  44.132377  65.910267     6.564     2.422  3 57477.47884212 21.761
 286  44.135947  65.908298     2.075     2.127  3 57487.39447807 39.842
 287  44.134533  65.907669    16.590    16.675  4 57497.31011143 31.366
 288  44.133719  65.908908     7.830     4.848  4 57507.22574964 41.385
 289  44.135405  65.910282     4.377     4.463  3 57517.14140604 34.871
 290  44.135356  65.910042     1.839     1.791  4 57527.05705940 37.492
 291  44.137427  65.908238     1.133     1.101  4 57536.97271027 40.249
 292  44.135234  65.906523     1.103     1.119  4 57546.88835808 47.099
 293  44.135889  65.906672     1.099     1.239  4 57556.80400463 36.580
 294  44.133776  65.908481    16.063    16.035  4 57566.71964976 24.942
 295  44.133601  65.910245     5.690     2.448  4 57576.63529434 30.973
 296  44.134785  65.910747     1.233     1.168  3 57586.55093793 36.122
 297  44.134184  65.909846     0.570     0.545  3 57596.46657902 48.065
