 -98254.834    41.492     0.00    3.43
 -97968.565    43.496     7.00    5.97
 -97682.299    46.277     9.72    8.59
 -97396.036    48.727     8.56    9.88
 -97109.776    51.012     7.98    9.86
 -96823.520    53.548     8.86    9.25
 -96537.267    55.441     6.61    8.23
 -96251.017    56.058     2.16    7.35
 -95964.771    55.322    -2.57    7.13
 -95678.528    53.422    -6.64    7.69
 -95392.288    51.043    -8.31    8.15
 -95106.051    49.064    -6.91    7.67
 -94819.818    48.139    -3.23    6.96
 -94533.588    47.264    -3.06    5.70
 -94247.362    46.591    -2.35    5.10
 -93961.139    46.548    -0.15    5.61
 -93674.919    45.694    -2.98    6.98
 -93388.702    44.643    -3.67    8.08
 -93102.488    43.311    -4.66    8.31
 -92816.278    41.977    -4.66    7.82
 -92530.072    41.181    -2.78    7.79
 -92243.868    41.399     0.76    8.46
 -91957.668    42.058     2.30    9.01
 -91671.471    42.952     3.12    9.21
 -91385.278    43.373     1.47    9.46
 -91099.087    42.873    -1.75    9.27
 -90812.900    41.554    -4.61    8.22
 -90526.717    39.686    -6.53    6.67
 -90240.536    38.477    -4.22    5.53
 -89954.359    38.158    -1.12    5.06
 -89668.185    37.994    -0.57    4.69
 -89382.015    37.237    -2.65    4.66
 -89095.848    35.561    -5.86    5.85
 -88809.684    32.793    -9.67    7.89
 -88523.523    30.009    -9.73    9.14
 -88237.366    26.639   -11.78    8.98
 -87951.212    23.853    -9.74    7.43
 -87665.062    21.526    -8.13    5.05
 -87378.914    20.357    -4.09    3.01
 -87092.770    20.762     1.41    3.02
 -86806.629    21.787     3.58    3.20
 -86520.492    22.658     3.04    3.14
 -86234.358    23.346     2.41    3.33
 -85948.227    23.362     0.06    3.33
 -85662.099    23.682     1.12    3.70
 -85375.975    24.193     1.78    4.25
 -85089.854    24.012    -0.63    4.51
 -84803.736    23.765    -0.86    4.57
 -84517.622    23.319    -1.56    4.45
 -84231.511    22.943    -1.32    4.19
 -83945.403    22.855    -0.31    4.04
 -83659.298    22.357    -1.74    3.51
 -83373.197    21.343    -3.54    2.77
 -83087.099    20.470    -3.05    2.43
 -82801.005    20.044    -1.49    2.24
 -82514.913    20.260     0.76    2.34
 -82228.825    20.700     1.54    2.52
 -81942.741    20.825     0.44    2.57
 -81656.659    20.759    -0.23    2.69
 -81370.581    20.343    -1.45    3.04
 -81084.406    19.768    -2.01    3.33
 -80797.539    19.090    -2.36    3.30
 -80510.677    18.318    -2.69    2.70
 -80223.818    17.783    -1.86    2.26
 -79936.964    17.331    -1.57    1.90
 -79650.114    17.048    -0.99    1.95
 -79363.267    16.969    -0.27    2.25
 -79076.425    16.362    -2.12    2.83
 -78789.587    15.206    -4.03    3.30
 -78502.753    13.740    -5.11    3.66
 -78215.923    12.845    -3.12    3.52
 -77929.097    12.966     0.42    3.62
 -77642.275    13.477     1.78    3.82
 -77355.457    14.505     3.59    3.84
 -77068.643    15.757     4.36    3.24
 -76781.834    17.088     4.64    2.36
 -76495.028    17.933     2.94    1.74
 -76208.226    18.407     1.65    1.52
 -75921.429    18.667     0.91    1.63
 -75634.635    18.888     0.77    1.77
 -75347.845    19.104     0.75    1.85
 -75061.060    19.236     0.46    1.90
 -74774.279    19.422     0.65    1.97
 -74487.501    19.547     0.43    1.97
 -74200.728    19.682     0.47    1.65
 -73913.959    19.775     0.32    1.52
 -73627.193    19.668    -0.37    1.57
 -73340.432    19.484    -0.64    1.58
 -73053.675    19.026    -1.60    1.69
 -72766.922    18.561    -1.62    1.66
 -72480.173    18.048    -1.79    2.14
 -72193.428    17.719    -1.15    2.56
 -71906.687    17.477    -0.85    3.24
 -71619.950    17.102    -1.31    3.81
 -71333.217    17.012    -0.32    4.14
 -71046.489    16.919    -0.32    4.31
 -70759.764    16.775    -0.50    4.47
 -70473.043    17.030     0.89    4.40
 -70186.327    17.332     1.06    4.09
 -69899.614    17.498     0.58    3.80
 -69612.906    17.621     0.43    3.18
 -69326.201    17.784     0.57    2.51
 -69039.501    17.813     0.10    1.95
 -68752.804    17.598    -0.75    1.76
 -68466.112    17.191    -1.42    1.82
 -68179.423    16.750    -1.54    1.99
 -67892.739    16.341    -1.43    2.06
 -67606.059    16.111    -0.80    1.88
 -67319.383    15.596    -1.79    1.94
 -67032.711    14.807    -2.75    2.27
 -66746.043    13.838    -3.38    2.78
 -66459.379    12.598    -4.33    3.15
 -66172.719    11.443    -4.03    3.09
 -65886.063    10.663    -2.72    2.82
 -65599.411    10.526    -0.48    2.84
 -65312.763    10.362    -0.57    2.87
 -65026.119    10.647     0.99    2.96
 -64739.479    11.225     2.02    3.13
 -64452.843    11.540     1.10    2.94
 -64166.212    11.752     0.74    2.64
 -63879.584    12.063     1.09    2.40
 -63592.961    12.150     0.31    2.44
 -63306.341    12.112    -0.13    2.36
 -63019.725    11.994    -0.41    2.31
 -62733.114    12.113     0.42    2.23
 -62446.506    12.464     1.22    2.20
 -62159.903    13.281     2.85    2.79
 -61873.304    13.687     1.42    3.03
 -61586.708    14.519     2.91    3.28
 -61300.117    15.677     4.04    3.30
 -61013.530    16.680     3.50    2.81
 -60726.947    17.128     1.56    2.66
 -60440.368    17.043    -0.30    2.79
 -60153.792    17.022    -0.07    2.70
 -59867.221    16.951    -0.25    2.60
 -59580.654    17.005     0.19    2.51
 -59294.091    16.955    -0.17    2.54
 -59007.532    17.813     2.99    2.93
 -58720.977    18.923     3.87    2.87
 -58434.426    19.779     2.99    2.84
 -58147.880    19.691    -0.31    2.94
 -57861.337    19.491    -0.70    3.27
 -57574.798    18.721    -2.69    3.71
 -57288.263    18.278    -1.55    3.89
 -57001.733    17.909    -1.29    3.79
 -56715.206    17.498    -1.43    3.44
 -56428.683    17.259    -0.84    3.13
 -56142.165    17.477     0.76    2.93
 -55855.650    17.627     0.53    2.86
 -55569.140    18.127     1.75    2.65
 -55282.633    18.872     2.60    2.50
 -54996.131    19.505     2.21    2.79
 -54709.632    19.885     1.33    2.99
 -54423.138    20.361     1.66    3.12
 -54136.647    20.812     1.57    2.78
 -53850.161    21.336     1.83    2.39
 -53563.679    21.779     1.55    2.08
 -53277.201    21.526    -0.88    2.06
 -52990.726    21.186    -1.19    2.04
 -52704.256    20.714    -1.65    2.43
 -52417.790    20.115    -2.09    2.87
 -52131.328    19.191    -3.23    3.42
 -51844.870    17.977    -4.24    3.62
 -51558.416    16.594    -4.83    3.32
 -51271.966    15.450    -3.99    2.96
 -50985.520    14.534    -3.20    2.66
 -50699.078    13.661    -3.05    2.29
 -50412.640    12.872    -2.75    2.20
 -50126.206    12.429    -1.55    2.00
 -49839.776    12.131    -1.04    1.93
 -49553.350    12.101    -0.10    2.03
 -49266.929    12.113     0.04    2.15
 -48980.511    12.369     0.89    2.44
 -48694.097    12.627     0.90    2.67
 -48407.687    12.890     0.92    2.54
 -48121.282    12.736    -0.54    2.58
 -47834.880    12.430    -1.07    2.70
 -47548.482    12.197    -0.81    2.81
 -47262.089    11.901    -1.04    3.10
 -46975.699    11.413    -1.70    3.11
 -46689.314    10.760    -2.28    3.14
 -46402.932    10.360    -1.40    3.07
 -46116.555     9.793    -1.98    3.04
 -45830.181     9.790    -0.01    2.91
 -45543.812     9.805     0.05    2.75
 -45257.447    10.084     0.97    2.84
 -44971.085    11.005     3.22    2.89
 -44684.728    11.936     3.25    3.01
 -44398.375    12.868     3.26    3.08
 -44112.025    13.568     2.44    2.70
 -43825.680    13.803     0.82    2.35
 -43539.339    13.533    -0.94    2.53
 -43253.002    13.101    -1.51    2.69
 -42966.668    12.526    -2.01    2.93
 -42680.339    11.663    -3.02    2.85
 -42394.014    10.843    -2.86    2.77
 -42107.693    10.237    -2.11    2.68
 -41821.376     9.760    -1.67    2.56
 -41535.063     9.186    -2.01    2.31
 -41248.754     8.780    -1.42    2.39
 -40962.449     8.050    -2.55    2.74
 -40676.148     7.213    -2.92    3.13
 -40389.851     6.309    -3.16    3.69
 -40103.558     5.406    -3.16    3.99
 -39817.269     4.562    -2.95    3.75
 -39530.984     4.335    -0.79    3.86
 -39244.703     4.802     1.63    4.21
 -38958.427     5.333     1.85    4.61
 -38672.154     5.998     2.32    4.99
 -38385.885     7.065     3.73    5.07
 -38099.620     8.834     6.18    4.61
 -37813.359    10.169     4.67    3.21
 -37527.103    10.743     2.00    2.29
 -37240.850    10.706    -0.13    2.01
 -36954.601     9.995    -2.49    2.98
 -36668.357     8.773    -4.27    4.19
 -36382.116     7.243    -5.35    4.94
 -36095.879     5.702    -5.38    5.45
 -35809.647     3.743    -6.85    5.83
 -35523.418     1.688    -7.18    5.68
 -35237.194    -0.488    -7.60    4.92
 -34950.973    -2.145    -5.79    3.85
 -34664.757    -3.232    -3.80    2.87
 -34378.544    -4.112    -3.07    1.09
 -34092.336    -4.225    -0.40    0.83
 -33806.131    -4.113     0.39    0.88
 -33519.931    -3.919     0.68    1.04
 -33233.734    -3.607     1.09    1.46
 -32947.542    -2.956     2.27    2.25
 -32661.354    -1.840     3.90    3.08
 -32375.169    -0.552     4.50    3.52
 -32088.989     0.156     2.47    3.61
 -31802.813     0.320     0.57    3.75
 -31516.640     0.115    -0.72    3.90
 -31230.472    -0.323    -1.53    3.98
 -30944.308    -1.045    -2.52    3.71
 -30658.147    -1.885    -2.94    2.69
 -30371.991    -2.078    -0.68    2.20
 -30085.839    -1.796     0.99    2.16
 -29799.691    -1.185     2.13    2.28
 -29513.547    -0.651     1.87    2.20
 -29227.406    -0.207     1.55    2.04
 -28941.270     0.348     1.94    2.26
 -28655.138     0.547     0.70    2.29
 -28369.010     0.351    -0.69    2.49
 -28082.886    -0.145    -1.74    2.64
 -27796.766    -0.636    -1.71    2.62
 -27510.650    -0.949    -1.09    2.71
 -27224.537    -1.084    -0.47    2.63
 -26938.429    -0.552     1.86    3.10
 -26652.325     0.637     4.15    4.01
 -26366.225     2.037     4.89    4.56
 -26080.129     3.086     3.67    4.62
 -25794.037     4.285     4.19    4.35
 -25507.949     5.277     3.46    4.12
 -25221.865     6.491     4.24    4.45
 -24935.785     8.568     7.26    5.87
 -24649.709    11.281     9.49    7.50
 -24363.637    14.943    12.80    8.77
 -24077.569    18.533    12.55    8.28
 -23791.505    20.519     6.94    6.93
 -23505.445    21.561     3.64    5.99
 -23219.390    21.323    -0.83    6.23
 -22933.338    19.291    -7.10    6.82
 -22647.290    16.105   -11.14    6.83
 -22361.246    12.736   -11.78    6.10
 -22075.206    10.275    -8.60    6.40
 -21789.170     8.236    -7.13    6.13
 -21503.138     6.216    -7.06    5.45
 -21217.110     4.691    -5.33    4.42
 -20931.087     3.361    -4.65    3.31
 -20645.067     2.415    -3.31    2.34
 -20359.051     1.836    -2.02    2.18
 -20073.039     1.463    -1.31    2.18
 -19787.031     1.059    -1.41    2.20
 -19501.028     0.505    -1.94    2.50
 -19214.842     0.300    -0.72    2.49
 -18927.895     0.498     0.69    2.86
 -18640.954     0.541     0.15    3.02
 -18354.017     0.735     0.68    3.21
 -18067.085     1.304     1.98    3.67
 -17780.158     1.838     1.86    3.86
 -17493.235     2.512     2.35    3.82
 -17206.318     2.848     1.17    3.79
 -16919.405     3.277     1.49    3.46
 -16632.497     3.284     0.02    3.40
 -16345.593     3.746     1.61    3.71
 -16058.695     4.002     0.89    4.15
 -15771.801     4.095     0.33    4.66
 -15484.912     3.969    -0.44    5.13
 -15198.028     4.030     0.21    5.52
 -14911.149     4.580     1.92    5.91
 -14624.274     5.050     1.64    5.94
 -14337.404     5.783     2.55    5.64
 -14050.539     6.987     4.20    4.83
 -13763.679     8.034     3.65    4.32
 -13476.823     8.687     2.28    3.76
 -13189.972     9.376     2.40    3.33
 -12903.126     9.909     1.86    2.92
 -12616.285    10.555     2.25    2.50
 -12329.449    10.712     0.55    2.31
 -12042.617    10.884     0.60    2.05
 -11755.790    11.181     1.04    2.06
 -11468.968    11.163    -0.06    2.07
 -11182.151    10.674    -1.70    2.75
 -10895.338     9.377    -4.52    4.42
 -10608.531     8.200    -4.10    4.95
 -10321.728     7.554    -2.25    5.05
 -10034.929     7.257    -1.04    5.07
  -9748.136     7.075    -0.64    5.21
  -9461.347     6.526    -1.91    5.31
  -9174.563     6.547     0.07    5.35
  -8887.784     6.820     0.95    4.82
  -8601.010     6.609    -0.73    4.74
  -8314.240     6.408    -0.70    4.44
  -8027.476     6.342    -0.23    4.15
  -7740.716     6.541     0.69    4.15
  -7453.960     7.433     3.11    4.65
  -7167.210     8.834     4.88    4.86
  -6880.464    10.257     4.96    4.60
  -6593.723    11.016     2.65    4.10
  -6306.987    11.368     1.23    3.51
  -6020.256    11.248    -0.42    3.40
  -5733.529    11.032    -0.75    3.33
  -5446.807    10.636    -1.38    3.03
  -5160.090    10.337    -1.04    2.67
  -4873.378    10.741     1.41    3.00
  -4586.670    11.810     3.73    3.78
  -4299.967    13.065     4.38    4.03
  -4013.269    14.239     4.10    3.82
  -3726.576    14.880     2.23    3.30
  -3439.887    14.271    -2.12    3.58
  -3153.204    13.262    -3.52    4.17
  -2866.525    11.583    -5.86    4.10
  -2579.850     9.764    -6.35    3.86
  -2293.181     8.519    -4.34    3.42
  -2006.516     7.730    -2.75    2.95
  -1719.856     6.909    -2.86    3.26
  -1433.201     6.119    -2.76    4.05
  -1146.551     5.186    -3.26    4.45
   -859.905     4.094    -3.81    4.48
   -573.264     2.776    -4.60    4.38
   -286.628     1.699    -3.76    3.75
      0.003     0.534    -4.07    2.16
    286.630    -0.054    -2.05    0.73
    573.251    -0.230    -0.61    0.89
    859.868    -0.391    -0.56    1.08
   1146.481    -0.617    -0.79    1.13
   1433.088    -0.790    -0.60    1.33
   1719.691    -1.016    -0.79    1.47
   2006.289    -1.291    -0.96    1.43
   2292.882    -1.121     0.59    1.70
   2579.471    -0.327     2.77    2.64
   2866.054     1.396     6.01    4.23
   3152.633     3.771     8.29    6.00
   3439.208     7.015    11.32    7.46
   3725.777    10.443    11.96    7.80
   4012.342    13.657    11.21    7.43
   4298.902    16.714    10.67    6.28
   4585.457    18.771     7.18    4.86
   4872.007    20.162     4.85    4.15
   5158.553    21.122     3.35    3.84
   5445.094    22.248     3.93    3.83
   5731.630    23.212     3.36    3.82
   6018.161    23.419     0.72    3.68
   6304.688    23.179    -0.84    3.76
   6591.210    22.464    -2.50    3.90
   6877.727    21.050    -4.93    3.94
   7164.239    19.945    -3.86    3.58
   7450.747    18.962    -3.43    2.64
   7737.250    19.241     0.97    2.86
   8023.748    20.058     2.85    3.55
   8310.241    21.190     3.95    4.21
   8596.730    22.484     4.52    4.09
   8883.213    23.355     3.04    4.12
   9169.692    23.563     0.72    4.06
   9456.167    23.666     0.36    4.08
   9742.636    23.581    -0.29    4.12
  10029.101    23.657     0.26    4.21
  10315.561    24.062     1.42    4.70
  10602.017    25.027     3.37    5.17
  10888.467    26.158     3.95    5.09
  11174.913    27.799     5.73    4.87
  11461.354    29.681     6.57    4.67
  11747.790    31.711     7.09    4.66
  12034.222    32.998     4.49    4.57
  12320.649    32.891    -0.37    4.80
  12607.071    32.359    -1.86    5.76
  12893.488    31.498    -3.01    5.82
  13179.901    30.750    -2.61    5.09
  13466.308    30.282    -1.63    4.26
  13752.711    29.798    -1.69    3.49
  14039.110    29.834     0.13    3.43
  14325.503    30.642     2.82    3.31
  14611.892    31.804     4.06    3.27
  14898.276    32.591     2.75    3.27
  15184.656    32.347    -0.85    3.47
  15471.030    31.498    -2.96    4.21
  15757.400    30.927    -1.99    4.74
  16043.765    30.308    -2.16    4.80
  16330.125    29.169    -3.98    4.33
  16616.481    28.636    -1.86    3.87
  16902.832    28.606    -0.10    4.07
  17189.178    29.981     4.80    4.95
  17475.519    32.217     7.81    5.92
  17761.856    34.373     7.53    6.29
  18048.188    37.109     9.56    6.42
  18334.515    39.930     9.85    6.29
  18620.837    42.673     9.58    6.07
  18907.155    45.341     9.32    5.62
  19193.468    47.179     6.42    5.81
  19479.776    49.091     6.68    5.76
  19766.080    50.698     5.61    5.15
  20052.378    52.370     5.84    5.33
  20338.672    53.715     4.70    5.06
  20624.961    54.700     3.44    4.80
  20911.246    55.843     3.99    4.89
  21197.526    57.250     4.91    5.31
  21483.801    58.091     2.94    5.88
  21770.071    56.666    -4.98    8.34
  22056.336    53.616   -10.65   10.17
  22342.597    50.841    -9.70   10.16
  22628.853    49.121    -6.01    9.23
  22915.104    48.628    -1.72    7.97
  23201.351    49.260     2.21    7.64
  23487.593    52.266    10.50    7.14
  23773.830    55.672    11.90    6.97
  24060.062    57.902     7.79    6.20
  24346.290    58.027     0.43    6.90
  24632.513    57.277    -2.62    8.70
  24918.731    55.372    -6.65   10.53
  25204.944    52.519    -9.97   11.09
  25491.153    48.674   -13.43   10.97
  25777.357    44.541   -14.44   10.53
  26063.556    40.886   -12.77   10.70
  26349.750    38.016   -10.03   11.25
  26635.940    34.313   -12.94   11.66
  26922.125    28.963   -18.69   10.54
  27208.305    24.872   -14.30    9.40
  27494.481    21.295   -12.50    8.09
  27780.652    18.658    -9.22    7.00
  28066.818    17.226    -5.00    6.61
  28352.979    16.126    -3.85    5.79
  28639.136    15.052    -3.75    5.48
  28925.287    13.491    -5.46    5.54
  29211.434    12.059    -5.00    4.66
  29497.577    11.306    -2.63    4.74
  29783.715    11.008    -1.04    4.67
  30069.847    10.287    -2.52    4.66
  30355.976     8.853    -5.01    4.78
  30642.099     7.598    -4.39    5.12
  30928.218     6.998    -2.10    5.21
  31214.332     6.036    -3.36    5.14
  31500.441     5.047    -3.46    4.53
  31786.546     4.037    -3.53    3.25
  32072.646     3.434    -2.11    2.29
  32358.741     4.051     2.15    2.45
  32644.831     4.907     2.99    2.65
  32930.917     5.841     3.27    3.21
  33216.998     6.904     3.72    3.76
  33503.074     7.977     3.75    4.01
  33789.145     9.311     4.66    4.04
  34075.212    10.804     5.22    3.82
  34361.274    12.371     5.48    3.38
  34647.331    13.547     4.11    3.16
  34933.384    14.470     3.22    2.88
  35219.432    15.505     3.62    3.28
  35505.475    16.470     3.37    3.53
  35791.513    17.546     3.76    3.77
  36077.547    18.165     2.16    3.82
  36363.576    18.282     0.41    3.66
  36649.600    18.641     1.25    4.23
  36935.619    18.864     0.78    4.47
  37221.634    18.641    -0.78    4.74
  37507.644    19.022     1.33    5.03
  37793.649    19.041     0.07    4.91
  38079.650    19.434     1.37    5.21
  38365.646    20.052     2.16    5.40
  38651.637    20.436     1.34    5.15
  38937.623    20.764     1.15    5.10
  39223.605    20.653    -0.39    5.04
  39509.582    20.081    -2.00    4.82
  39795.554    19.627    -1.58    4.59
  40081.522    19.519    -0.38    4.69
  40367.485    20.498     3.42    5.08
  40653.443    21.831     4.66    5.60
  40939.396    23.512     5.88    5.92
  41225.345    25.577     7.22    5.72
  41511.289    27.562     6.94    4.95
  41797.228    29.294     6.06    4.40
  42083.163    30.652     4.75    4.74
  42369.093    31.335     2.39    5.07
  42655.313    31.023    -1.09    5.60
  42942.337    29.715    -4.56    6.97
  43229.355    27.803    -6.66    7.66
  43516.368    25.998    -6.29    7.52
  43803.376    24.991    -3.51    6.97
  44090.377    24.775    -0.75    6.39
  44377.374    25.484     2.47    6.74
  44664.365    27.211     6.02    6.76
  44951.350    29.687     8.63    6.09
  45238.330    31.512     6.36    5.04
  45525.304    33.005     5.20    4.80
  45812.273    34.331     4.62    4.82
  46099.236    35.464     3.95    4.82
  46386.194    37.158     5.90    5.11
  46673.146    38.234     3.75    5.40
  46960.093    38.428     0.68    5.99
  47247.034    37.308    -3.90    6.90
  47533.970    35.898    -4.91    7.75
  47820.900    33.807    -7.29    7.86
  48107.825    32.092    -5.98    7.14
  48394.744    30.706    -4.83    6.86
  48681.658    30.930     0.78    6.88
  48968.566    32.218     4.49    7.78
  49255.469    34.143     6.71    8.22
  49542.366    36.383     7.81    7.92
  49829.258    38.044     5.79    7.73
  50116.144    39.995     6.80    6.64
  50403.025    40.626     2.20    7.14
  50689.900    40.605    -0.07    7.28
  50976.770    40.329    -0.96    7.05
  51263.634    40.162    -0.58    6.67
  51550.493    40.984     2.86    6.13
  51837.346    42.889     6.64    6.38
  52124.194    45.027     7.45    6.50
  52411.036    47.260     7.79    5.84
  52697.873    48.953     5.90    5.08
  52984.704    49.831     3.06    4.83
  53271.530    49.855     0.08    4.68
  53558.350    49.469    -1.35    4.64
  53845.165    47.970    -5.23    4.91
  54131.974    46.227    -6.08    4.76
  54418.778    43.973    -7.86    6.09
  54705.577    41.219    -9.60    7.33
  54992.369    38.252   -10.35    8.33
  55279.157    35.485    -9.65    8.25
  55565.939    33.264    -7.74    7.81
  55852.715    32.114    -4.01    7.52
  56139.486    32.563     1.57    7.86
  56426.251    34.109     5.39    9.09
  56713.011    36.485     8.28   10.22
  56999.765    38.963     8.64   10.14
  57286.514    42.019    10.66    9.05
  57573.258    44.541     8.79    7.72
  57859.996    47.234     9.39    7.16
  58146.728    49.100     6.51    7.09
  58433.455    50.427     4.63    6.88
  58720.176    51.349     3.22    6.33
  59006.892    52.611     4.40    5.43
  59293.603    53.679     3.72    4.66
  59580.308    54.561     3.08    4.29
  59867.007    55.056     1.72    4.28
  60153.701    55.112     0.20    4.27
  60440.390    55.012    -0.35    4.14
  60727.073    55.234     0.78    4.00
  61013.751    54.704    -1.85    3.65
  61300.423    54.119    -2.04    3.27
  61587.089    54.625     1.76    3.50
  61873.750    55.940     4.59    4.16
  62160.406    57.498     5.44    4.42
  62447.056    58.757     4.39    4.48
  62733.701    59.925     4.08    4.39
  63020.340    60.595     2.34    4.06
  63306.974    61.160     1.97    3.85
  63593.602    61.316     0.54    3.91
  63880.225    61.266    -0.18    3.82
  64166.842    61.059    -0.72    3.69
  64453.454    61.061     0.01    3.66
  64740.060    60.581    -1.67    3.47
  65026.661    60.419    -0.56    3.10
  65313.256    60.119    -1.05    3.21
  65599.846    59.945    -0.61    3.51
  65886.431    60.047     0.36    3.71
  66173.010    60.554     1.77    3.69
  66459.583    61.262     2.47    3.75
  66746.151    61.636     1.30    3.69
  67032.714    62.033     1.39    3.43
  67319.271    62.394     1.26    3.28
  67605.822    62.773     1.32    3.07
  67892.368    62.869     0.34    2.66
  68178.909    62.805    -0.22    2.48
  68465.444    62.561    -0.85    2.74
  68751.974    62.318    -0.85    2.82
  69038.498    61.735    -2.03    3.18
  69325.017    60.927    -2.82    3.42
  69611.530    59.864    -3.71    3.56
  69898.038    59.090    -2.70    3.61
  70184.540    58.698    -1.37    3.63
  70471.037    58.266    -1.51    3.38
  70757.528    58.194    -0.25    3.13
  71044.014    58.344     0.53    3.31
  71330.495    59.211     3.02    3.42
  71616.970    60.294     3.78    2.99
  71903.439    60.888     2.07    2.67
  72189.903    61.189     1.05    2.72
  72476.362    61.456     0.93    2.64
  72762.815    61.862     1.42    2.14
  73049.262    62.255     1.37    2.33
  73335.705    62.212    -0.15    2.33
  73622.141    62.030    -0.64    2.63
  73908.572    61.414    -2.15    2.95
  74194.998    60.659    -2.63    2.94
  74481.419    60.069    -2.06    2.91
  74767.833    59.455    -2.14    2.61
  75054.243    59.023    -1.51    2.62
  75340.647    58.575    -1.56    2.88
  75627.045    57.399    -4.10    4.36
  75913.438    55.248    -7.51    6.57
  76199.826    51.361   -13.57    9.93
  76486.208    45.437   -20.69   13.15
  76772.584    39.854   -19.49   14.43
  77058.955    34.476   -18.78   14.28
  77345.321    29.353   -17.89   12.51
  77631.681    25.033   -15.08    8.84
  77918.036    22.608    -8.47    5.71
  78204.385    24.095     5.19    8.84
  78490.729    29.246    17.99   14.36
  78777.068    34.786    19.35   16.96
  79063.400    40.743    20.80   17.59
  79349.728    47.568    23.84   14.70
  79636.050    52.712    17.97    9.80
  79922.366    56.107    11.85    4.17
  80208.678    56.860     2.63    2.53
  80494.983    56.612    -0.87    2.22
  80781.283    56.632     0.07    2.14
  81067.578    56.527    -0.37    2.16
  81353.867    56.605     0.27    2.19
  81640.151    56.659     0.19    2.20
  81926.430    56.167    -1.72    2.67
  82212.702    55.484    -2.39    3.10
  82498.970    55.440    -0.15    3.08
  82785.232    55.397    -0.15    3.24
  83071.488    55.408     0.04    2.99
  83357.740    55.893     1.69    2.66
  83643.985    56.315     1.47    2.36
  83930.225    56.455     0.49    2.22
  84216.460    56.762     1.07    1.89
  84502.689    56.827     0.23    2.10
  84788.913    56.644    -0.64    2.36
  85075.132    56.607    -0.13    2.59
  85361.345    56.546    -0.21    2.76
  85647.552    56.688     0.50    2.90
  85933.754    56.746     0.20    2.92
