# NaN NaN NaN ;Mean Elev.(m), Avg Gradient(m/km), RMS Gradient(m/km) - SRTM1     
#   15.253  -3.163   4.499 ;Mean Elev.(m), Avg Gradient(m/km), RMS Gradient(m/km) - ASTER GDEM
#    0.103  -0.755   6.346 ;Mean Elev.(m), Avg Gradient(m/km), RMS Gradient(m/km) - GMTED2010 
   1  44.108132  66.044104    13.270    13.553 16 54668.38518820 33.858
   2  44.106786  66.044924    17.328    19.115 15 54678.30083239 31.589
   3  44.110760  66.046642     5.971     6.403 15 54688.21647584 27.325
   4  44.108085  66.047407    14.394    16.528 15 54698.13211671 28.402
   6  44.105085  66.044270    16.834    17.972 16 54717.96341053 32.758
   7  44.101890  66.042036    -0.961    -1.246 16 54727.87905937 50.166
   8  44.101658  66.041557    17.446    16.307 16 54737.79470693 35.728
   9  44.103519  66.042782    18.890    19.384 16 54747.71035446 28.633
  10  44.108453  66.044306    14.825    18.559 16 54757.62600192 29.755
  11  44.108193  66.044386    17.155    20.497 16 54767.54164682 29.600
  12  44.105455  66.042741     7.729     1.834 16 54777.45728817 29.677
  13  44.102471  66.040967    13.193    15.564 17 54787.37292707 32.479
  14  44.101971  66.040682     0.766    -1.247 16 54797.28856516 46.379
  15  44.103798  66.042310     3.449     3.430 16 54807.20420329 47.185
  16  44.105803  66.044069     3.572     3.585 16 54817.11984083 41.619
  17  44.107124  66.045086     2.152     2.135 16 54827.03549012 43.747
  18  44.104173  66.044805    -0.629    -0.651 16 54836.95112896 45.639
  19  44.106938  66.045091    -1.115    -1.158 15 54846.86677866 47.735
  20  44.106203  66.045695    -1.411    -1.475 15 54856.78242745 49.169
  21  44.110916  66.046969     3.190     3.160 15 54866.69807678 43.265
  22  44.107862  66.046997     3.987     3.965 15 54876.61372481 43.337
  23  44.109196  66.046018     1.944     1.954 15 54886.52937027 43.375
  24  44.103330  66.043844    47.268    48.166 16 54896.44501162 24.012
  25  44.100043  66.042258    45.969    45.155 16 54906.36065056 23.430
  26  44.103346  66.042226    -1.840    -1.824 16 54916.27628895 45.650
  27  44.105680  66.043066     1.424     1.463 16 54926.19192707 46.413
  28  44.103696  66.043558     3.658     3.659 16 54936.10756413 40.702
  29  44.103982  66.043287     1.736     1.710 16 54946.02319949 51.933
  30  44.100311  66.041840    48.725    48.935 16 54955.93883186 10.017
  31  44.102275  66.041012     7.074     0.706 17 54965.85448020 36.689
  32  44.101933  66.041260    16.288    17.663 16 54975.77012801 30.242
  33  44.100055  66.042558    48.913    50.247 16 54985.68577558 23.902
  34  44.108431  66.044228     9.738     9.724 16 54995.60142413 20.774
  35  44.105767  66.044869    10.153     5.493 16 55005.51707012 31.724
  36  44.105151  66.045051    21.183    19.509 16 55015.43271408 27.293
  37  44.108296  66.045349    47.039    49.671 16 55025.34835698 16.805
  38  44.106046  66.046050    16.023    16.909 15 55035.26399889 30.943
  39  44.106351  66.046478    48.172    51.854 15 55045.17964025 13.269
  40  44.106567  66.045819    16.538    17.375 16 55055.09527984 18.470
  41  44.103282  66.043834    19.552    20.614 16 55065.01091680 23.816
  42  44.100097  66.042283    14.902    18.942 16 55074.92656408 27.165
  43  44.102590  66.041917     6.042     2.422 16 55084.84221218 32.774
  44  44.104239  66.042593    51.277    53.113 16 55094.75785865 15.354
  45  44.105842  66.043229    13.830    15.676 16 55104.67350496 32.383
  46  44.104280  66.043212    23.900    23.975 16 55114.58915075 22.130
  47  44.100428  66.042332    22.402    22.849 16 55124.50479387 21.877
  48  44.101943  66.041626     2.171     2.239 16 55134.42043473 34.783
  49  44.102371  66.041307    -0.337    -0.362 17 55144.33607335 49.780
  50  44.100865  66.041960    -0.627    -0.684 16 55154.25171116 49.330
  51  44.104420  66.043075    -0.731    -1.047 17 55164.16734977 48.397
  52  44.106498  66.044108     1.916     1.894 16 55174.08298801 47.500
  53  44.105928  66.044332     4.115     4.141 16 55183.99862671 42.186
  54  44.107040  66.044765     1.523     1.533 16 55193.91427799 44.982
  55  44.105641  66.045494    -0.115    -0.068 15 55203.82992778 43.366
  56  44.108416  66.046621    -0.812    -0.852 15 55213.74557731 44.948
  57  44.106597  66.046748    -1.938    -1.948 15 55223.66122593 41.110
  58  44.108233  66.045547    -1.011    -1.031 16 55233.57687326 42.278
  59  44.106378  66.043308     3.149     3.013 16 55243.49251703 34.396
  60  44.101802  66.041592     2.146     2.147 17 55253.40815741 35.552
  61  44.101945  66.041711    12.292    14.321 17 55263.32379619 30.556
  62  44.106776  66.043290    39.298    44.882 16 55273.23943446 20.058
  63  44.104624  66.043909    -0.260    -1.884 16 55283.15507172 42.992
  64  44.104558  66.043081    48.285    46.357 16 55293.07070785 21.381
  65  44.100305  66.041296    51.380    51.873 16 55302.98634359 10.669
  66  44.101862  66.040490     4.140     4.093 16 55312.90199134 45.381
  67  44.100342  66.041163    13.463    16.179 17 55322.81763662 25.374
  68  44.105739  66.043005    13.733    16.004 16 55332.73328130 29.679
  69  44.103817  66.044278     3.575     1.276 16 55342.64892525 32.879
  70  44.103451  66.044428     8.702     2.126 16 55352.56456903 29.222
  71  44.104837  66.044220    10.265     3.259 16 55362.48021079 26.241
  72  44.107923  66.044495    12.103    13.543 16 55372.39585074 21.202
  73  44.105878  66.045351    16.556    17.854 16 55382.31148886 32.654
  74  44.110520  66.046519    35.862    42.058 15 55392.22712684 17.116
  75  44.106745  66.046290    48.807    46.426 15 55402.14276257 28.013
  76  44.105390  66.044581     1.002     1.023 16 55412.05841321 35.872
  77  44.102081  66.042038     2.165     2.206 17 55421.97406233 34.374
  78  44.101603  66.040547     2.455     2.581 16 55431.88970898 32.622
  79  44.102551  66.041396    45.188    44.683 17 55441.80535371 12.563
  80  44.104802  66.043189    48.066    49.409 16 55451.72099708 25.162
  81  44.104710  66.044242    23.514    21.030 16 55461.63663948 28.255
  82  44.102452  66.043152    14.300    15.808 16 55471.55228017 35.374
  83  44.101712  66.041256    16.762    15.813 17 55481.46791808 31.068
  84  44.098641  66.039875    15.722    20.354 17 55491.38355345 29.823
  85  44.102253  66.040803    15.646    15.408 16 55501.29918754 34.147
  86  44.106616  66.043113    49.263    48.262 16 55511.21483162 18.447
  87  44.104667  66.044801    -0.041    -0.146 16 55521.13048113 44.078
  88  44.106600  66.045282    -1.746    -1.719 16 55531.04612982 45.855
  89  44.106129  66.044617    -1.331    -1.355 16 55540.96177664 47.980
  90  44.104022  66.044186     2.088     2.119 16 55550.87742117 38.835
  91  44.104969  66.045012     2.958     2.949 16 55560.79306447 37.973
  92  44.108192  66.046416     0.954     0.994 16 55570.70870721 44.958
  93  44.108825  66.046573    47.848    47.793 15 55580.62434862 18.747
  94  44.106890  66.044572    42.811    46.588 16 55590.53998683 21.842
  95  44.099698  66.041412    46.216    46.463 16 55600.45562138 16.044
  96  44.099309  66.039693     1.543     1.534 17 55610.37125433 39.113
  97  44.100337  66.040513     2.561     2.615 17 55620.28688620 34.806
  98  44.105563  66.043168     0.334     0.325 16 55630.20253813 44.101
  99  44.103191  66.044377    -0.216    -0.202 16 55640.11818883 47.122
 100  44.103098  66.043371    -1.079    -1.104 16 55650.03383721 49.551
 101  44.102578  66.041039    40.098    38.086 16 55659.94948209 24.249
 102  44.101019  66.039865     1.107     1.094 16 55669.86512336 41.098
 103  44.099868  66.041008    26.146    28.779 16 55679.78076273 26.635
 104  44.105565  66.043678    17.531    19.770 16 55689.69640085 27.969
 105  44.105390  66.045389    13.542    15.667 16 55699.61203691 29.134
 106  44.107089  66.045487    19.533    19.366 16 55709.52767547 26.594
 107  44.105678  66.044612    39.723    43.479 15 55719.44332577 13.124
 108  44.106190  66.044342    50.085    51.305 16 55729.35897391  9.360
 109  44.105798  66.044866     3.943     2.420 15 55739.27462059 22.806
 110  44.108731  66.045798     3.511     2.270 15 55749.19026634 31.009
 111  44.105766  66.045591     1.846     1.821 16 55759.10590918 33.827
 112  44.102335  66.044034    48.879    48.962 16 55769.02154914 10.068
 113  44.100428  66.041672    49.283    48.895 16 55778.93718600 15.796
 114  44.100783  66.040179     0.553     0.305 16 55788.85282055 41.786
 115  44.101519  66.040681     1.995     2.138 16 55798.76845392 29.698
 116  44.100344  66.042391     2.539     2.666 16 55808.68409934 29.966
 117  44.103213  66.043952     2.177     2.265 16 55818.59974860 32.959
 118  44.107213  66.043574     1.230     1.237 16 55828.51539378 35.996
 119  44.101565  66.041570     1.153     0.964 16 55838.43103366 36.501
 120  44.099257  66.040086    12.985    14.504 17 55848.34667079 31.013
 121  44.100510  66.040982    12.014    14.830 16 55858.26230615 30.516
 122  44.105376  66.043583    21.219    20.631 16 55868.17795350 25.581
 123  44.107880  66.045773    15.962    17.299 16 55878.09360551 31.472
 124  44.109717  66.046236     0.110     0.092 15 55888.00925090 49.378
 125  44.105955  66.045236    -0.125    -0.497 16 55897.92489002 40.145
 126  44.103476  66.044256    -0.872    -0.837 16 55907.84052424 48.393
 127  44.105472  66.044587     0.502     0.472 15 55917.75617192 47.914
 128  44.105239  66.045176     3.357     3.344 16 55927.67182512 47.038
 129  44.107299  66.045107     2.785     2.734 15 55937.58747506 50.272
 130  44.104510  66.043487     1.116     1.091 17 55947.50311960 46.846
 131  44.101553  66.041607    -1.205    -1.057 17 55957.41875956 43.744
 132  44.101666  66.040829    -1.495    -1.532 16 55967.33439732 44.883
 133  44.100179  66.041536    -1.654    -1.686 16 55977.25003408 41.230
 134  44.105570  66.042968     3.074     3.070 16 55987.16567079 41.520
 135  44.103943  66.043430     3.080     3.042 16 55997.08130904 47.181
 136  44.104159  66.042890     1.941     1.932 16 56006.99696047 48.273
 137  44.101427  66.041616    -1.533    -1.509 17 56016.91260747 46.900
 138  44.101527  66.041438    -1.114    -0.831 16 56026.82825185 48.089
 139  44.104786  66.042665    49.886    47.553 16 56036.74389490 19.539
 140  44.102993  66.044280    21.578    21.733 16 56046.65953553 28.105
 141  44.108100  66.045656    16.774    17.398 15 56056.57517397 35.927
 142  44.108171  66.045769    15.005    17.177 15 56066.49080769 26.121
 143  44.106577  66.045321    21.329    18.442 15 56076.40645513 26.936
 144  44.106842  66.045214    45.775    46.895 15 56086.32210424 24.906
 145  44.107124  66.045190    14.477    13.657 16 56096.23775093 34.736
 146  44.105547  66.044863     6.683     2.890 15 56106.15339532 23.272
 147  44.104451  66.043835     5.211     4.157 16 56116.06902528 25.611
 148  44.101886  66.042607     2.251     2.516 16 56125.98466296 30.895
 149  44.100747  66.041491    10.737    11.534 16 56135.90029682 31.340
 150  44.102538  66.041530    14.376    15.502 16 56145.81593974 42.630
 151  44.102301  66.042212    28.718    24.799 17 56155.73158944 27.205
 152  44.104031  66.043104    15.918    19.331 16 56165.64723837 26.776
 153  44.104400  66.043281    13.283    15.412 16 56175.56288491 23.595
 154  44.103658  66.042773     4.517     2.621 16 56185.47852627 31.002
 155  44.099943  66.041881    17.300    21.148 16 56195.39416356 30.883
 156  44.104981  66.042217    46.509    49.224 16 56205.30979872 24.709
 157  44.104836  66.043362    17.418    20.387 16 56215.22543194 30.676
 158  44.105905  66.044942    11.276    14.699 16 56225.14107002 29.483
 159  44.106284  66.045720     3.508     3.543 16 56235.05672562 37.307
 160  44.108094  66.045637     3.468     3.636 15 56244.97237743 41.781
 161  44.107368  66.045201     1.950     1.906 15 56254.88802397 47.678
 162  44.105439  66.045274    -0.661    -0.730 16 56264.80366635 48.455
 163  44.108138  66.045649    -1.194    -1.339 16 56274.71930741 45.025
 164  44.105591  66.045054    -1.311    -1.338 15 56284.63495210 48.540
 165  44.102713  66.043487     2.885     2.822 16 56294.55060276 41.470
 166  44.104339  66.041820     5.228     5.231 16 56304.46624956 30.627
 167  44.103361  66.041322     1.744     1.727 16 56314.38189234 45.209
 168  44.101225  66.042283    -0.491    -0.502 16 56324.29753302 39.968
 169  44.107296  66.043847    -0.676    -0.708 16 56334.21317374 46.718
 170  44.102745  66.043785    -1.100    -1.087 16 56344.12881273 44.167
 171  44.104199  66.042868     3.696     3.691 16 56354.04444994 36.076
 172  44.101991  66.041772     4.442     4.341 17 56363.96009345 40.260
 173  44.102456  66.041970     1.415     1.356 17 56373.87574245 38.000
 175  44.105315  66.045295    -1.363    -1.398 16 56393.70703292 49.779
 176  44.109236  66.046196    17.498    19.105 15 56403.62267554 30.536
 177  44.105455  66.045888    19.296    18.904 15 56413.53831451 41.469
 178  44.106993  66.045037    16.719    18.886 15 56423.45394901 27.936
 179  44.106200  66.044811    10.485    13.299 15 56433.36959287 26.279
 180  44.106237  66.045269    48.202    46.764 15 56443.28524522 26.140
 181  44.108143  66.046011    46.800    45.906 15 56453.20089520 26.096
 182  44.105729  66.045273    45.494    47.810 16 56463.11654211 15.667
 183  44.107125  66.043567    48.098    49.093 16 56473.03218599 12.698
 184  44.100814  66.041387     2.203     2.533 16 56482.94782575 33.147
 185  44.100407  66.040965     2.406     2.570 17 56492.86346259 35.848
 186  44.100138  66.042145     1.926     1.952 16 56502.77909708 37.328
 187  44.108090  66.044028    47.670    46.554 16 56512.69473075 22.263
 188  44.103540  66.044268     4.949     1.341 16 56522.61037842 36.067
 189  44.104456  66.043293    48.126    47.893 17 56532.52603087 23.369
 191  44.103445  66.041988    11.981    12.920 16 56552.35732426 21.237
 192  44.102908  66.043805     6.034     1.980 16 56562.27296696 31.333
 193  44.107773  66.046184    16.789    18.603 16 56572.18860896 24.256
 194  44.109891  66.047294    -0.176    -0.212 15 56582.10424883 43.128
 195  44.108258  66.046253    -0.281    -0.271 16 56592.01988397 48.419
 196  44.107093  66.044767     2.840     2.824 16 56601.93553379 45.680
 197  44.107813  66.044189     3.127     3.192 16 56611.85118343 34.630
 198  44.108041  66.045072     1.486     1.525 16 56621.76682859 48.566
 199  44.107921  66.045957     0.346     0.368 16 56631.68247077 48.037
 200  44.107945  66.045486    -0.298    -0.382 16 56641.59810883 48.727
 201  44.104195  66.043266    -1.040    -1.098 17 56651.51375694 43.155
 202  44.101550  66.041111    47.270    47.919 17 56661.42940673 21.391
 203  44.102137  66.040773     1.760     1.751 17 56671.34505371 39.462
 204  44.104849  66.042837     0.862     0.883 16 56681.26069903 42.689
 205  44.106196  66.044777     0.568     0.711 16 56691.17634230 44.341
 206  44.107343  66.045195    -0.498    -0.419 15 56701.09198187 47.125
 207  44.107353  66.043573    -2.231    -2.098 16 56711.00761649 42.559
 208  44.099866  66.041977    -0.482    -1.938 16 56720.92325942 46.178
 209  44.101712  66.042291     1.591     1.616 16 56730.83891142 44.755
 210  44.105426  66.044626    48.548    51.233 16 56740.75455985 13.705
 211  44.111362  66.047126     1.211     1.193 15 56750.67020428 39.350
 212  44.110083  66.047794    -0.514    -0.522 14 56760.58584304 42.681
 213  44.106909  66.046491    16.747    16.863 15 56770.50147504 30.654
 214  44.108440  66.044972    45.642    49.311 16 56780.41712792 21.707
 215  44.106146  66.044173    15.625    16.992 16 56790.33278279 39.452
 216  44.105058  66.044692    20.221    20.197 16 56800.24843461 25.160
 217  44.106845  66.045779    13.277    16.985 15 56810.16408002 26.618
 218  44.106777  66.045654    50.012    47.853 15 56820.07972023 20.089
 219  44.104891  66.043834    46.851    47.603 16 56829.99535630 21.486
 220  44.099880  66.041365    -0.247    -0.881 16 56839.91098886 43.106
 221  44.099681  66.040633     5.928     2.083 16 56849.82662283 33.101
 222  44.101878  66.042310     2.549     2.790 16 56859.74227757 26.409
 223  44.107745  66.044751     7.611     1.906 16 56869.65793181 29.381
 224  44.107193  66.045563     1.805     1.570 16 56879.57358296 32.662
 225  44.108452  66.044681    23.331    21.878 16 56889.48923072 24.087
 226  44.104597  66.043074    23.597    22.978 17 56899.40487523 26.234
 227  44.105223  66.043253     7.079     1.971 16 56909.32051793 36.702
 228  44.107112  66.045096    11.981    16.382 15 56919.23615899 26.563
 229  44.108367  66.047197    14.952    16.720 15 56929.15179791 26.536
 230  44.110223  66.047800    15.845    17.695 14 56939.06743236 26.248
 231  44.108113  66.046542    47.486    47.136 16 56948.98306743 23.339
 232  44.105654  66.044785    28.402    28.189 15 56958.89871991 32.336
 233  44.103208  66.043832    -1.106    -1.038 16 56968.81436723 45.553
 234  44.102487  66.044123     2.329     2.354 16 56978.73001083 43.893
 235  44.107448  66.044977    50.670    48.745 16 56988.64565050 21.591
 236  44.103773  66.044541     4.236     2.141 16 56998.56128317 44.133
 237  44.107374  66.043542     3.214     0.125 16 57008.47693358 42.625
 238  44.104077  66.041999    47.111    46.945 16 57018.39258623 22.799
 239  44.102977  66.041629    -1.266    -1.254 16 57028.30823588 45.535
 240  44.100548  66.042727     2.244     2.235 16 57038.22388375 40.159
 241  44.105506  66.044408     4.207     4.210 15 57048.13952983 43.236
 242  44.106573  66.045116     2.399     2.398 15 57058.05517171 40.452
 243  44.106630  66.044454     1.427     0.048 16 57067.97080787 41.544
 244  44.103115  66.043626    -0.707    -0.601 16 57077.88643939 43.028
 245  44.107939  66.043941    43.009    47.288 16 57087.80207305 20.798
 246  44.106970  66.045512     2.354     2.400 15 57097.71773161 32.369
 247  44.107265  66.047072     4.249     4.279 15 57107.63338737 48.493
 248  44.111124  66.047509     2.243     2.288 15 57117.54903843 38.530
 249  44.108156  66.046371    50.803    54.135 15 57127.46468266  5.613
 250  44.105576  66.044937    -0.121    -0.019 16 57137.38032146 39.015
 251  44.103805  66.044164    18.634    17.336 16 57147.29595636 32.901
 252  44.107753  66.044279    48.267    50.008 16 57157.21158934 26.485
 253  44.103251  66.044244    19.536    20.642 16 57167.12723405 21.619
 254  44.103892  66.044078    17.754    20.753 16 57177.04289050 23.009
 255  44.104188  66.043205    16.959    19.965 17 57186.95854289 28.568
 256  44.104513  66.042492    48.916    48.319 16 57196.87419115 21.020
 257  44.102199  66.042489    49.015    48.080 16 57206.78982555 24.027
 258  44.104884  66.043520    31.070    25.835 16 57216.70547075 15.698
 259  44.103032  66.044288    12.761     9.849 16 57226.62111440 21.356
 260  44.104284  66.044600    17.824    18.270 16 57236.53675626 20.577
 261  44.107823  66.044471     8.205     2.629 16 57246.45239484 30.003
 262  44.102710  66.044170    27.818    26.861 16 57256.36803005 16.498
 263  44.105719  66.045076    47.622    47.499 16 57266.28366479 23.833
 264  44.106412  66.046216    21.388    20.306 15 57276.19930931 26.658
 265  44.111870  66.047057    19.065    22.124 15 57286.11496668 21.823
 266  44.109358  66.046406    18.268    20.424 15 57296.03062037 25.243
 267  44.107259  66.045314    17.323    16.038 16 57305.94627046 22.505
 268  44.103871  66.044536    14.952    15.435 16 57315.86191659 31.804
 269  44.105134  66.044598    47.946    46.822 16 57325.77755993 21.915
 270  44.106167  66.044796    -0.990    -0.992 15 57335.69320125 44.266
 271  44.103461  66.044375     2.022     1.987 16 57345.60884761 46.407
 272  44.102416  66.043365    11.756    14.148 16 57355.52449501 29.304
 273  44.104167  66.042558     3.265     3.213 16 57365.44013884 49.036
 274  44.104076  66.042338     0.097    -0.046 16 57375.35577913 45.082
 275  44.104602  66.043125    -0.110    -0.258 16 57385.27141763 47.089
 276  44.105800  66.043959    -1.181    -1.526 16 57395.18705571 46.286
 277  44.108455  66.044441    -0.931    -0.947 16 57405.10269297 43.866
 278  44.104304  66.044067     3.246     3.247 16 57415.01834077 37.230
 279  44.104920  66.044056     3.223     3.191 16 57424.93399219 43.550
 280  44.108003  66.044869     0.555     0.531 16 57434.84964089 45.617
 281  44.109661  66.046399     9.079    -0.493 15 57444.76528773 47.686
 282  44.107134  66.047387    45.623    46.628 15 57454.68093345 15.414
 283  44.108843  66.047344    47.623    47.348 15 57464.59657767 24.110
 284  44.105667  66.045616     3.796     3.810 15 57474.51221766 35.048
 286  44.105993  66.043506     1.859     1.823 16 57494.34348835 52.008
 287  44.102994  66.044232    24.730    23.896 16 57504.25912012 28.515
 288  44.107134  66.045166    15.386    15.228 15 57514.17477546 29.527
 289  44.103457  66.044436    50.247    49.241 16 57524.09042956 14.795
 290  44.102740  66.042758     8.373     3.917 15 57534.00608159 26.701
 291  44.102425  66.041547    16.446    18.796 16 57543.92173062 20.777
 292  44.099485  66.041885     6.780     2.235 16 57553.83737692 31.186
 293  44.106460  66.043786    44.525    47.872 16 57563.75302264 14.164
 294  44.105763  66.045053    47.830    47.703 15 57573.66866711 23.814
 295  44.104703  66.044976    47.321    47.092 16 57583.58431125 24.260
 296  44.102944  66.044132     2.069     2.038 16 57593.49995337 36.380
 297  44.105309  66.043893     3.007     3.007 16 57603.41559359 28.174
