 -98669.684    50.221     0.00    5.89
 -98383.676    49.974    -0.86    5.86
 -98097.663    49.606    -1.29    5.87
 -97811.645    49.043    -1.97    5.98
 -97525.622    47.368    -5.86    6.59
 -97239.593    45.718    -5.77    6.24
 -96953.559    44.603    -3.90    5.49
 -96667.520    45.050     1.56    6.38
 -96381.476    47.483     8.50    8.54
 -96095.426    51.315    13.40   10.05
 -95809.371    55.547    14.79   10.54
 -95523.311    60.463    17.19   10.06
 -95237.246    65.351    17.09    8.72
 -94951.176    69.245    13.61    7.06
 -94665.100    72.261    10.54    6.12
 -94379.019    74.373     7.38    5.13
 -94092.933    75.437     3.72    4.51
 -93806.841    75.741     1.06    4.61
 -93520.744    75.830     0.31    4.84
 -93234.642    75.315    -1.80    5.86
 -92948.535    74.733    -2.03    6.81
 -92662.423    74.003    -2.55    7.61
 -92376.305    73.962    -0.14    7.91
 -92090.182    73.368    -2.08    8.36
 -91804.054    72.123    -4.35    8.53
 -91517.921    71.193    -3.25    8.11
 -91231.782    70.162    -3.60    7.35
 -90945.638    68.824    -4.68    6.25
 -90659.489    67.226    -5.58    5.06
 -90373.335    65.166    -7.20    4.88
 -90087.175    63.334    -6.40    6.44
 -89801.010    60.676    -9.29    7.56
 -89514.840    57.750   -10.22    7.63
 -89228.665    55.250    -8.74    6.20
 -88942.484    53.468    -6.22    4.45
 -88656.298    53.255    -0.74    3.89
 -88370.107    54.365     3.88    4.99
 -88083.911    56.540     7.60    7.78
 -87797.709    60.504    13.85   11.64
 -87511.502    65.498    17.45   14.07
 -87225.290    70.848    18.69   15.32
 -86939.073    76.932    21.25   14.36
 -86652.851    81.837    17.14   12.09
 -86366.623    85.786    13.80    8.61
 -86080.390    88.470     9.38    5.62
 -85794.151    90.257     6.24    3.54
 -85507.908    91.096     2.93    2.85
 -85221.659    90.964    -0.46    2.87
 -84935.405    89.993    -3.39    3.11
 -84649.146    88.764    -4.29    3.37
 -84362.881    87.631    -3.96    3.76
 -84076.611    86.267    -4.76    4.07
 -83790.336    85.054    -4.24    4.25
 -83504.056    83.993    -3.71    3.92
 -83217.771    83.103    -3.11    3.46
 -82931.480    83.008    -0.33    3.05
 -82645.184    83.590     2.03    3.22
 -82358.882    84.130     1.89    3.60
 -82072.576    85.871     6.08    4.23
 -81786.264    87.351     5.17    5.60
 -81499.947    89.309     6.84    6.85
 -81213.625    91.576     7.92    7.20
 -80927.297    93.504     6.73    7.42
 -80640.964    95.085     5.52    7.36
 -80354.626    97.629     8.88    6.91
 -80068.283    99.832     7.69    7.14
 -79781.934   101.576     6.09    8.05
 -79495.580   103.851     7.95    8.13
 -79209.221   106.911    10.68    8.25
 -78922.857   109.676     9.66    8.29
 -78636.487   113.106    11.98    8.07
 -78350.112   116.439    11.64    7.78
 -78063.732   119.799    11.73    7.32
 -77777.347   122.686    10.08    6.44
 -77490.956   125.710    10.56    4.83
 -77204.560   127.862     7.51    3.82
 -76918.159   129.590     6.03    3.66
 -76631.753   130.072     1.68    3.88
 -76345.341   129.617    -1.59    4.73
 -76058.924   128.596    -3.56    5.83
 -75772.502   127.758    -2.93    6.23
 -75486.074   127.202    -1.94    6.24
 -75199.642   126.612    -2.06    5.67
 -74913.204   126.386    -0.79    5.41
 -74626.760   126.299    -0.31    5.91
 -74340.312   125.845    -1.58    5.99
 -74053.858   125.040    -2.81    5.98
 -73767.399   124.746    -1.03    5.87
 -73480.935   124.953     0.72    6.79
 -73194.465   126.134     4.13    8.11
 -72907.990   128.662     8.82    8.83
 -72621.510   131.930    11.41    8.16
 -72335.025   134.694     9.65    6.25
 -72048.534   136.214     5.30    4.45
 -71762.038   137.401     4.14    4.13
 -71475.537   138.921     5.31    4.46
 -71189.030   140.264     4.69    4.58
 -70902.519   141.071     2.82    4.47
 -70616.002   141.705     2.21    4.10
 -70329.479   142.137     1.51    3.88
 -70042.952   141.835    -1.06    4.59
 -69756.419   141.310    -1.83    4.71
 -69469.881   140.186    -3.92    4.57
 -69183.338   139.271    -3.19    4.24
 -68896.789   139.023    -0.87    4.05
 -68610.235   138.710    -1.09    4.16
 -68323.676   138.040    -2.34    4.43
 -68037.112   137.755    -0.99    4.71
 -67750.542   137.078    -2.36    4.90
 -67463.967   135.786    -4.51    5.57
 -67177.387   133.900    -6.58    5.78
 -66890.801   131.699    -7.68    5.23
 -66604.210   130.026    -5.84    5.15
 -66317.614   128.164    -6.50    5.73
 -66031.013   125.856    -8.05    6.59
 -65744.406   123.447    -8.41    7.20
 -65457.794   120.916    -8.83    8.57
 -65171.177   117.658   -11.37   10.50
 -64884.555   115.568    -7.29   11.56
 -64597.927   113.115    -8.56   12.31
 -64311.294   109.029   -14.26   15.56
 -64024.656   103.455   -19.45   18.38
 -63738.012    98.376   -17.72   18.84
 -63451.363    95.043   -11.62   17.55
 -63164.709    92.900    -7.48   16.06
 -62878.050    92.337    -1.96   15.62
 -62591.385    93.795     5.09   19.13
 -62304.715    93.775    -0.07   20.19
 -62018.040    93.103    -2.34   20.85
 -61731.360    90.946    -7.52   21.04
 -61444.674    90.072    -3.05   22.28
 -61157.983    88.330    -6.08   23.07
 -60871.286    87.170    -4.05   24.20
 -60584.585    86.477    -2.42   24.22
 -60297.878    87.129     2.27   25.32
 -60011.166    88.283     4.03   25.12
 -59724.448    87.366    -3.20   24.67
 -59437.726    85.866    -5.23   24.32
 -59150.998    83.391    -8.63   23.27
 -58864.264    77.926   -19.06   23.39
 -58577.526    72.554   -18.73   23.34
 -58290.782    65.022   -26.27   21.01
 -58004.033    59.512   -19.22   17.97
 -57717.278    56.417   -10.79   17.32
 -57430.518    54.180    -7.80   17.41
 -57143.753    53.185    -3.47   17.91
 -56856.983    52.399    -2.74   16.86
 -56570.207    50.526    -6.53   13.73
 -56283.426    46.783   -13.05    8.19
 -55996.640    44.961    -6.35    5.61
 -55709.849    44.372    -2.05    4.75
 -55423.052    43.871    -1.75    4.67
 -55136.250    42.200    -5.83    4.86
 -54849.443    40.712    -5.19    4.76
 -54562.630    39.554    -4.04    4.54
 -54275.812    38.373    -4.12    4.35
 -53988.989    37.944    -1.50    4.27
 -53702.160    37.519    -1.48    4.04
 -53415.327    37.417    -0.36    4.21
 -53128.488    36.597    -2.86    4.34
 -52841.643    35.733    -3.01    4.89
 -52554.794    35.098    -2.21    5.23
 -52267.939    34.806    -1.02    4.90
 -51981.078    34.151    -2.28    4.32
 -51694.213    33.115    -3.61    3.73
 -51407.342    32.492    -2.17    3.34
 -51120.466    32.112    -1.33    2.95
 -50833.584    31.783    -1.15    2.62
 -50546.698    31.061    -2.51    2.49
 -50259.806    30.554    -1.77    2.57
 -49972.908    30.283    -0.94    2.87
 -49686.006    29.873    -1.43    2.76
 -49399.098    28.997    -3.05    2.78
 -49112.185    28.133    -3.01    2.77
 -48825.266    27.751    -1.33    2.79
 -48538.342    27.228    -1.83    2.74
 -48251.413    26.631    -2.08    2.79
 -47964.479    26.111    -1.81    2.87
 -47677.539    25.924    -0.65    2.77
 -47390.594    25.645    -0.97    2.55
 -47103.644    25.276    -1.29    2.41
 -46816.688    25.148    -0.45    2.26
 -46529.727    25.143    -0.02    2.43
 -46242.761    25.455     1.09    2.92
 -45955.790    25.450    -0.02    3.70
 -45668.813    25.253    -0.68    4.00
 -45381.831    24.617    -2.22    3.64
 -45094.843    23.661    -3.33    2.88
 -44807.851    23.130    -1.85    2.88
 -44520.853    22.850    -0.97    2.81
 -44233.849    22.685    -0.58    2.70
 -43947.094    22.831     0.51    2.69
 -43661.140    22.918     0.31    2.70
 -43375.180    23.245     1.14    2.89
 -43089.217    23.693     1.57    3.62
 -42803.248    24.540     2.96    4.50
 -42517.275    25.244     2.46    5.27
 -42231.298    25.274     0.11    5.51
 -41945.316    24.750    -1.83    6.15
 -41659.330    23.484    -4.43    7.06
 -41373.339    21.935    -5.42    7.50
 -41087.344    20.030    -6.66    7.38
 -40801.344    18.512    -5.31    6.19
 -40515.339    17.338    -4.10    4.53
 -40229.330    16.763    -2.01    3.14
 -39943.317    16.630    -0.46    2.64
 -39657.299    16.705     0.26    2.09
 -39371.276    16.463    -0.84    1.96
 -39085.249    16.040    -1.48    2.04
 -38799.218    15.647    -1.37    2.04
 -38513.182    15.295    -1.23    2.13
 -38227.141    14.783    -1.79    2.10
 -37941.096    14.330    -1.58    2.12
 -37655.046    13.806    -1.83    2.12
 -37368.992    13.244    -1.96    2.20
 -37082.933    12.617    -2.19    2.56
 -36796.870    12.141    -1.66    2.51
 -36510.802    11.554    -2.05    2.38
 -36224.730    11.415    -0.49    2.45
 -35938.653    11.209    -0.72    2.51
 -35652.572    11.083    -0.44    2.58
 -35366.486    10.476    -2.12    2.78
 -35080.396     9.568    -3.17    3.34
 -34794.301     8.207    -4.76    3.78
 -34508.201     6.772    -5.01    3.81
 -34222.097     5.263    -5.27    3.40
 -33935.989     4.072    -4.16    3.20
 -33649.876     2.927    -4.00    2.70
 -33363.758     2.075    -2.98    2.57
 -33077.636     1.019    -3.69    2.64
 -32791.510     0.043    -3.41    2.53
 -32505.379    -0.708    -2.63    2.07
 -32219.243    -1.082    -1.30    2.02
 -31933.103    -0.384     2.44    3.63
 -31646.958     0.731     3.89    4.82
 -31360.809     1.806     3.76    5.44
 -31074.655     2.576     2.69    5.81
 -30788.497     3.261     2.40    5.99
 -30502.334     3.675     1.44    6.23
 -30216.167     3.006    -2.34    6.44
 -29929.995     1.901    -3.86    6.11
 -29643.818     1.457    -1.55    5.94
 -29357.637     1.583     0.44    5.93
 -29071.452     2.112     1.85    5.82
 -28785.262     2.942     2.90    5.67
 -28499.067     3.976     3.61    5.62
 -28212.868     5.257     4.48    5.17
 -27926.665     6.540     4.48    4.08
 -27640.457     7.211     2.35    3.08
 -27354.244     7.547     1.17    2.57
 -27068.027     7.450    -0.34    2.74
 -26781.805     8.047     2.08    3.86
 -26495.579     9.016     3.38    4.97
 -26209.348    11.144     7.44    6.38
 -25923.113    13.611     8.62    7.34
 -25636.873    16.378     9.67    7.84
 -25350.628    19.381    10.49    7.29
 -25064.379    21.047     5.82    5.91
 -24778.126    21.596     1.92    4.89
 -24491.868    21.418    -0.62    4.45
 -24205.605    20.926    -1.72    4.33
 -23919.338    19.596    -4.64    5.57
 -23633.067    16.813    -9.72    6.43
 -23346.791    13.253   -12.43    6.45
 -23060.510    10.036   -11.24    6.37
 -22774.225     7.568    -8.62    5.85
 -22487.935     5.660    -6.66    4.87
 -22201.641     4.547    -3.89    3.70
 -21915.342     5.802     4.38    6.02
 -21629.038     9.788    13.92   10.41
 -21342.730    14.206    15.43   12.96
 -21056.418    18.983    16.68   13.68
 -20770.101    23.267    14.96   12.22
 -20483.779    26.818    12.40    9.29
 -20197.453    28.825     7.01    6.53
 -19911.123    28.519    -1.07    6.01
 -19624.788    26.576    -6.79    6.35
 -19338.448    23.930    -9.24    6.04
 -19052.104    21.603    -8.13    4.82
 -18765.755    19.984    -5.65    3.88
 -18479.401    18.526    -5.09    2.84
 -18193.044    17.822    -2.46    2.11
 -17906.681    17.293    -1.84    1.77
 -17620.314    17.064    -0.80    1.85
 -17333.943    16.844    -0.77    1.92
 -17047.567    16.755    -0.31    2.06
 -16761.186    16.633    -0.43    2.13
 -16474.801    16.397    -0.82    2.18
 -16188.411    16.318    -0.27    2.21
 -15902.017    15.700    -2.16    2.70
 -15615.618    15.252    -1.56    2.65
 -15329.215    14.880    -1.30    2.62
 -15042.807    14.382    -1.74    2.64
 -14756.395    13.748    -2.21    2.62
 -14469.978    13.295    -1.58    2.50
 -14183.556    13.003    -1.02    2.44
 -13897.130    12.697    -1.07    2.47
 -13610.700    12.228    -1.64    2.25
 -13324.265    12.130    -0.34    2.24
 -13037.825    11.950    -0.63    2.10
 -12751.381    12.071     0.42    2.04
 -12464.932    12.319     0.87    2.18
 -12178.479    12.650     1.15    2.31
 -11892.021    13.029     1.32    2.18
 -11605.558    13.382     1.23    2.17
 -11319.091    13.351    -0.11    2.28
 -11032.620    13.064    -1.00    2.72
 -10746.144    11.969    -3.82    4.20
 -10459.663    10.827    -3.99    4.96
 -10173.178     9.897    -3.25    5.19
  -9886.688     9.439    -1.60    5.19
  -9600.194     9.262    -0.62    5.19
  -9313.695     8.506    -2.64    5.17
  -9027.192     7.960    -1.91    5.24
  -8740.684     7.876    -0.29    5.11
  -8454.172     7.647    -0.80    5.12
  -8167.655     6.980    -2.33    4.73
  -7881.133     6.775    -0.72    4.32
  -7594.607     7.741     3.37    4.76
  -7308.076     9.351     5.62    5.58
  -7021.541    11.223     6.53    6.10
  -6735.001    12.455     4.30    5.87
  -6448.457    13.323     3.03    5.12
  -6161.908    13.351     0.10    4.63
  -5875.355    13.078    -0.95    4.07
  -5588.797    12.348    -2.55    3.65
  -5302.234    12.233    -0.40    3.52
  -5015.667    12.753     1.81    3.74
  -4729.095    14.248     5.22    4.88
  -4442.519    16.408     7.54    5.95
  -4155.938    18.953     8.88    6.20
  -3869.353    21.326     8.28    5.46
  -3582.763    21.971     2.25    4.52
  -3296.169    21.820    -0.53    4.61
  -3009.570    20.322    -5.23    5.32
  -2722.966    18.179    -7.48    5.74
  -2436.358    15.779    -8.37    5.24
  -2149.745    13.304    -8.64    3.89
  -1863.128    11.604    -5.93    2.67
  -1576.506     9.853    -6.11    3.30
  -1289.880     7.929    -6.71    4.41
  -1003.249     6.085    -6.43    5.09
   -716.613     4.076    -7.01    4.82
   -429.973     2.434    -5.73    4.00
   -143.329     0.845    -5.54    2.36
    143.320     0.033    -2.83    0.66
    429.974    -0.026    -0.21    0.50
    716.632    -0.080    -0.19    0.50
   1003.295     0.121     0.70    1.05
   1289.962     0.611     1.71    1.77
   1576.634     0.693     0.28    1.83
   1863.311     0.700     0.02    1.83
   2149.992     0.797     0.34    1.83
   2436.678     1.161     1.27    1.98
   2723.368     2.276     3.89    3.11
   3010.063     4.202     6.72    5.31
   3296.762     6.864     9.29    6.99
   3583.466    10.381    12.27    7.90
   3870.174    14.843    15.56    8.33
   4156.887    19.171    15.10    8.24
   4443.605    22.568    11.85    7.03
   4730.327    25.120     8.90    5.79
   5017.054    26.307     4.14    4.80
   5303.785    26.554     0.86    4.53
   5590.521    25.433    -3.91    5.73
   5877.261    23.390    -7.12    6.44
   6164.006    21.497    -6.60    6.07
   6450.756    19.088    -8.40    5.31
   6737.510    16.744    -8.17    4.48
   7024.268    14.421    -8.10    3.40
   7311.032    13.266    -4.03    3.49
   7597.799    12.540    -2.53    3.47
   7884.572    12.106    -1.51    3.34
   8171.349    11.935    -0.60    3.22
   8458.130    12.561     2.18    4.61
   8744.916    13.230     2.34    5.70
   9031.707    14.283     3.67    6.45
   9318.502    15.022     2.58    6.66
   9605.302    15.547     1.83    6.69
   9892.106    15.944     1.39    6.41
  10178.915    16.506     1.96    5.91
  10465.729    17.403     3.13    5.95
  10752.547    19.040     5.71    6.26
  11039.370    21.137     7.31    5.85
  11326.197    23.506     8.26    4.77
  11613.028    25.282     6.19    3.22
  11899.865    25.568     1.00    3.09
  12186.706    25.833     0.92    3.77
  12473.551    26.597     2.66    4.16
  12760.401    26.906     1.08    4.11
  13047.256    27.106     0.70    4.09
  13334.115    27.410     1.06    3.76
  13620.979    28.000     2.06    3.72
  13907.847    28.772     2.69    3.75
  14194.720    29.422     2.27    3.76
  14481.598    30.459     3.61    3.76
  14768.480    31.234     2.70    3.44
  15055.367    32.075     2.93    2.88
  15342.258    32.676     2.10    2.55
  15629.154    33.540     3.01    2.95
  15916.054    35.207     5.81    4.00
  16202.959    36.937     6.03    4.46
  16489.868    38.615     5.85    4.57
  16776.783    40.353     6.06    4.20
  17063.701    41.890     5.36    3.99
  17350.625    43.214     4.61    4.57
  17637.552    43.908     2.42    5.41
  17924.195    44.588     2.37    5.69
  18210.225    45.785     4.18    5.37
  18496.259    47.137     4.73    4.85
  18782.297    48.384     4.36    4.42
  19068.339    49.018     2.22    4.13
  19354.385    49.276     0.90    4.00
  19640.434    50.903     5.69    4.24
  19926.488    52.642     6.08    3.92
  20212.545    54.372     6.05    3.97
  20498.605    56.040     5.83    4.12
  20784.670    57.783     6.09    4.11
  21070.739    59.421     5.73    4.72
  21356.811    60.644     4.27    5.48
  21642.887    61.437     2.77    5.91
  21928.967    61.679     0.84    6.19
  22215.051    60.776    -3.16    7.89
  22501.138    58.811    -6.87    9.98
  22787.229    55.218   -12.56   11.95
  23073.325    50.953   -14.91   11.81
  23359.424    46.309   -16.23    9.44
  23645.526    43.129   -11.11    6.12
  23931.633    42.484    -2.25    5.90
  24217.743    43.909     4.98    7.93
  24503.857    45.497     5.55    8.96
  24789.975    46.633     3.97    8.67
  25076.097    47.715     3.78    8.56
  25362.223    48.554     2.93    8.31
  25648.352    48.061    -1.72    8.65
  25934.486    45.178   -10.07    7.42
  26220.623    42.398    -9.72    5.36
  26506.763    40.660    -6.08    3.84
  26792.908    39.624    -3.62    3.30
  27079.057    38.809    -2.85    2.89
  27365.209    38.402    -1.42    3.08
  27651.365    38.260    -0.50    3.05
  27937.525    37.682    -2.02    2.79
  28223.689    37.011    -2.34    2.78
  28509.856    36.412    -2.09    3.24
  28796.028    35.707    -2.47    3.09
  29082.203    35.230    -1.67    3.14
  29368.382    34.954    -0.96    3.23
  29654.565    34.617    -1.18    3.21
  29940.751    34.371    -0.86    3.37
  30226.942    35.192     2.87    3.42
  30513.136    35.822     2.20    3.20
  30799.334    36.137     1.10    2.93
  31085.536    36.009    -0.45    2.85
  31371.742    35.429    -2.03    3.01
  31657.951    34.909    -1.82    3.72
  31944.165    33.718    -4.16    4.43
  32230.382    32.292    -4.98    4.70
  32516.603    31.071    -4.26    5.07
  32802.828    28.733    -8.17    4.89
  33089.056    26.430    -8.05    4.62
  33375.289    23.351   -10.76    6.60
  33661.525    19.498   -13.46    8.38
  33947.765    16.276   -11.26    8.62
  34234.009    13.653    -9.16    7.99
  34520.256    11.582    -7.24    6.77
  34806.508    10.285    -4.53    5.99
  35092.763     9.491    -2.77    5.21
  35379.022     9.260    -0.81    5.23
  35665.285     9.286     0.09    4.89
  35951.552     9.301     0.05    4.58
  36237.823     9.765     1.62    4.80
  36524.097    10.736     3.39    5.36
  36810.375    11.978     4.34    5.94
  37096.658    13.253     4.46    6.89
  37382.943    15.554     8.04    7.87
  37669.233    18.418    10.00    8.17
  37955.527    20.654     7.81    8.08
  38241.824    22.274     5.66    7.22
  38528.125    23.755     5.17    6.05
  38814.430    24.631     3.06    5.39
  39100.739    25.272     2.24    5.76
  39387.052    26.216     3.30    6.38
  39673.368    27.202     3.44    6.87
  39959.688    28.393     4.16    7.71
  40246.012    30.026     5.70    8.94
  40532.340    33.085    10.68    9.81
  40818.672    36.533    12.04   10.22
  41105.008    41.043    15.75   10.75
  41391.347    46.304    18.37   10.79
  41677.690    50.991    16.37    9.62
  41964.037    54.016    10.56    7.79
  42250.388    54.561     1.90    7.40
  42536.743    53.116    -5.04    7.59
  42823.101    50.911    -7.70    7.58
  43109.464    48.399    -8.77    6.64
  43395.830    46.461    -6.77    4.83
  43682.200    45.717    -2.60    3.51
  43968.573    46.484     2.68    3.86
  44254.951    48.361     6.55    4.10
  44541.333    49.929     5.48    4.73
  44827.718    51.582     5.77    5.02
  45114.107    53.251     5.83    4.80
  45400.500    55.103     6.47    4.63
  45686.897    56.427     4.62    4.36
  45973.297    57.429     3.50    4.25
  46259.702    58.603     4.10    3.92
  46546.110    59.637     3.61    3.48
  46832.522    60.214     2.01    3.00
  47118.938    60.911     2.44    2.75
  47405.357    62.136     4.27    3.29
  47691.781    63.589     5.07    4.86
  47978.208    65.103     5.28    6.71
  48264.639    66.437     4.66    8.11
  48551.074    67.484     3.66    8.88
  48837.513    68.350     3.02    9.23
  49123.956    68.093    -0.90    9.09
  49410.402    67.765    -1.14    8.60
  49696.853    67.276    -1.71    7.60
  49983.307    66.485    -2.76    6.03
  50269.765    65.783    -2.45    4.88
  50556.227    65.619    -0.57    3.28
  50842.692    66.083     1.62    3.08
  51129.162    66.973     3.11    3.61
  51415.635    67.057     0.30    3.83
  51702.112    66.595    -1.61    4.86
  51988.593    65.300    -4.52    5.62
  52275.078    63.995    -4.56    5.95
  52561.567    62.469    -5.33    5.35
  52848.059    61.118    -4.71    4.50
  53134.555    59.954    -4.06    3.74
  53421.055    59.443    -1.78    3.33
  53707.559    59.629     0.65    3.42
  53994.067    59.885     0.89    3.07
  54280.579    60.054     0.59    3.05
  54567.094    59.441    -2.14    3.70
  54853.613    58.285    -4.03    4.74
  55140.137    56.974    -4.58    5.98
  55426.664    54.350    -9.16    7.09
  55713.194    50.889   -12.08    6.91
  55999.729    48.457    -8.49    6.12
  56286.267    47.197    -4.40    5.35
  56572.810    45.633    -5.46    4.87
  56859.356    44.247    -4.84    4.94
  57145.906    42.894    -4.72    4.84
  57432.459    41.780    -3.89    4.46
  57719.017    41.383    -1.39    4.27
  58005.578    40.981    -1.40    3.99
  58292.144    40.605    -1.31    3.97
  58578.713    40.804     0.70    4.20
  58865.286    40.970     0.58    4.38
  59151.863    40.486    -1.69    4.48
  59438.443    39.335    -4.02    4.54
  59725.028    38.037    -4.53    4.15
  60011.616    37.040    -3.48    3.81
  60298.208    36.640    -1.40    3.70
  60584.804    36.799     0.55    4.19
  60871.404    37.144     1.21    4.50
  61158.007    37.819     2.35    5.03
  61444.615    38.622     2.80    5.46
  61731.226    39.816     4.17    5.42
  62017.841    41.202     4.83    5.21
  62304.460    42.354     4.02    4.88
  62591.083    43.698     4.69    3.55
  62877.710    44.554     2.99    2.77
  63164.340    44.828     0.96    2.72
  63450.974    44.781    -0.16    2.97
  63737.613    44.192    -2.06    3.05
  64024.255    43.757    -1.52    3.11
  64310.900    43.166    -2.06    3.70
  64597.550    42.283    -3.08    4.25
  64884.204    41.588    -2.43    3.98
  65170.861    41.608     0.07    4.23
  65457.522    42.323     2.49    4.88
  65744.187    43.190     3.03    4.81
  66030.856    43.883     2.42    4.54
  66317.529    45.361     5.16    4.15
  66604.205    46.684     4.61    3.43
  66890.886    47.840     4.03    3.88
  67177.570    49.125     4.48    4.64
  67464.258    50.790     5.81    4.96
  67750.950    52.712     6.71    4.33
  68037.646    53.993     4.47    3.88
  68324.345    54.848     2.98    3.94
  68611.049    55.054     0.72    3.69
  68897.756    54.828    -0.79    3.42
  69184.467    54.129    -2.44    3.24
  69471.182    53.295    -2.91    3.25
  69757.901    53.051    -0.85    3.96
  70044.624    53.655     2.11    5.02
  70331.350    54.825     4.08    6.40
  70618.081    55.282     1.59    6.87
  70904.815    54.554    -2.54    7.61
  71191.553    52.822    -6.04    8.42
  71478.295    50.813    -7.00    9.12
  71765.040    47.838   -10.38    8.66
  72051.790    44.854   -10.41    7.00
  72338.543    42.016    -9.90    4.06
  72625.301    40.989    -3.58    3.02
  72912.062    40.582    -1.42    2.56
  73198.827    40.575    -0.02    2.43
  73485.595    40.412    -0.57    2.59
  73772.368    40.019    -1.37    3.39
  74059.144    39.801    -0.76    3.69
  74345.925    39.533    -0.93    3.73
  74632.709    39.678     0.50    3.74
  74919.497    39.939     0.91    3.79
  75206.289    39.916    -0.08    3.51
  75493.085    40.983     3.72    3.37
  75779.884    42.383     4.88    4.28
  76066.687    44.047     5.80    5.31
  76353.495    45.844     6.26    6.29
  76640.306    48.491     9.23    7.02
  76927.121    52.209    12.96    7.28
  77213.940    55.899    12.87    6.66
  77500.762    59.462    12.42    6.84
  77787.589    62.462    10.46    6.21
  78074.419    64.743     7.95    5.45
  78361.253    66.547     6.29    4.76
  78648.091    68.043     5.22    4.38
  78934.933    68.852     2.82    3.94
  79221.779    69.110     0.90    4.15
  79508.628    69.322     0.74    4.29
  79795.182    69.700     1.32    4.83
  80081.290    68.030    -5.84    8.31
  80367.402    65.085   -10.29   11.43
  80653.516    62.842    -7.84   11.92
  80939.633    61.089    -6.12   11.83
  81225.754    59.318    -6.19   10.68
  81511.877    57.970    -4.71    9.17
  81798.004    58.716     2.61    7.82
  82084.134    61.769    10.67    6.72
  82370.267    64.200     8.49    6.45
  82656.403    65.388     4.15    6.16
  82942.542    66.513     3.93    6.08
  83228.684    67.687     4.10    6.27
  83514.830    68.838     4.02    6.65
  83800.978    70.405     5.48    7.23
  84087.129    72.441     7.11    8.29
  84373.284    75.406    10.36    8.98
  84659.442    77.728     8.11    8.81
  84945.603    79.896     7.58    8.54
  85231.766    81.737     6.43    8.34
