# NaN NaN NaN ;Mean Elev.(m), Avg Gradient(m/km), RMS Gradient(m/km) - SRTM1     
#    9.840  -1.053   2.774 ;Mean Elev.(m), Avg Gradient(m/km), RMS Gradient(m/km) - ASTER GDEM
#    9.495   0.600   2.601 ;Mean Elev.(m), Avg Gradient(m/km), RMS Gradient(m/km) - GMTED2010 
   2  44.135900  65.886933     2.541     2.541  2 54673.38334779 35.850
   3  44.132939  65.888327   -17.371   -17.371  2 54683.29899097 11.961
   4  44.133998  65.889027     3.572     3.572  2 54693.21463323 36.905
   5  44.133513  65.888585   -17.008   -17.008  2 54703.13027292 13.514
   6  44.135254  65.886478    10.513    10.513  2 54713.04592251 26.528
   7  44.137394  65.884406   -28.932   -20.485  3 54722.96157360 18.337
   8  44.136948  65.883506     2.213     2.322  3 54732.87722198 48.714
   9  44.135978  65.884290     1.821     1.839  3 54742.79286871 47.179
  10  44.138647  65.884950     1.958     2.134  3 54752.70851553 48.723
  11  44.139337  65.884750     2.469     2.484  3 54762.62416181 34.120
  12  44.142573  65.883123     3.345     3.391  3 54772.53980588 42.638
  13  44.138903  65.882204    24.842    25.718  3 54782.45544640 28.254
  14  44.141973  65.882139     2.681     2.634  3 54792.37108510 41.277
  15  44.136167  65.884158     1.761     1.672  3 54802.28672187 36.954
  16  44.135548  65.885755     1.673     1.428  3 54812.20235900 40.806
  17  44.137482  65.886210     1.115     1.115  2 54822.11800126 40.088
  18  44.134786  65.885723     2.588     2.399  3 54832.03364151 41.988
  19  44.135120  65.885550     2.950     2.995  3 54841.94929176 38.916
  20  44.135898  65.886470     2.465     2.465  2 54851.86494075 28.571
  21  44.136300  65.888002     2.623     2.623  2 54861.78058932 21.973
  22  44.136691  65.888693    16.546    16.546  2 54871.69623792 15.269
  23  44.132954  65.887705    16.459    16.459  2 54881.61188447 15.604
  24  44.137305  65.884860    15.837    15.820  3 54891.52752854 17.708
  25  44.140933  65.882453     5.229     4.134  3 54901.44316965 18.426
  26  44.142509  65.882450    11.304    14.966  3 54911.35880880 18.411
  27  44.140688  65.884222    16.962    16.888  3 54921.27444649 15.975
  28  44.136825  65.885787    16.609    16.609  2 54931.19008340 16.828
  29  44.139889  65.885089     6.576     7.200  3 54941.10571960 17.920
  30  44.138041  65.883535    15.831    15.888  3 54951.02135371 16.436
  31  44.144119  65.881751     3.128     3.191  3 54960.93699504 34.686
  32  44.143329  65.882313    10.987    12.975  3 54970.85264361 30.201
  33  44.141156  65.884189     3.201     3.141  3 54980.76829081 42.518
  34  44.135937  65.886081   -20.481   -20.482  3 54990.68393745  9.584
  35  44.137437  65.886104     2.067     2.067  2 55000.59958450 34.209
  36  44.134827  65.885897     3.129     2.838  3 55010.51522942 30.688
  37  44.139453  65.885290     1.300     1.371  3 55020.43087346 40.444
  38  44.136554  65.886407     3.563     3.563  2 55030.34651561 31.851
  39  44.133598  65.887960     3.832     3.832  2 55040.26215710 34.336
  40  44.135657  65.888711     1.544     1.544  2 55050.17779768 37.637
  41  44.137368  65.887547     1.085     1.085  2 55060.09343616 42.169
  42  44.135638  65.885093     0.435     0.520  3 55070.00907684 45.499
  43  44.139520  65.882419     0.150     0.131  3 55079.92472666 47.060
  44  44.141235  65.881981     3.034     2.983  3 55089.84037426 46.091
  45  44.140384  65.883598     3.067     3.081  3 55099.75602045 36.440
  46  44.135506  65.885608     2.070     2.003  3 55109.67166575 46.548
  47  44.138719  65.885204     2.509     2.556  3 55119.58731039 35.896
  48  44.140129  65.883074     0.914     0.665  3 55129.50295238 41.924
  49  44.144581  65.880883     0.856     0.702  3 55139.41859265 51.907
  50  44.141209  65.881457     1.762     1.836  3 55149.33423094 44.268
  51  44.139624  65.883981     2.039     2.054  3 55159.24986902 44.136
  52  44.134654  65.886609     2.009     2.009  2 55169.16550647 41.808
  53  44.132924  65.887476     1.935     1.935  2 55179.08114326 39.081
  54  44.135058  65.886369     1.826     1.826  2 55188.99678959 29.510
  55  44.137810  65.885604     1.914     1.914  2 55198.91244048 23.337
  56  44.135192  65.886372     1.853     1.850  3 55208.82808995 20.787
  57  44.133716  65.887748     2.213     2.213  2 55218.74373898 23.381
  58  44.134368  65.887833     2.242     2.242  2 55228.65938744 22.058
  59  44.136685  65.886341     1.773     1.773  2 55238.57503303 20.778
  60  44.139623  65.883719     3.792     1.564  3 55248.49067515 20.472
  61  44.142596  65.881794     2.052     2.025  3 55258.40631488 24.090
  62  44.138885  65.882163    16.390    16.348  3 55268.32195318 11.988
  63  44.137199  65.883941    14.773    14.969  3 55278.23759131 14.301
  64  44.137669  65.885241     2.536     2.450  3 55288.15322839 26.725
  65  44.137901  65.885249     2.022     2.081  3 55298.06886310 22.565
  66  44.141887  65.883289    22.547    25.355  3 55307.98450605 23.229
  67  44.139801  65.881892     5.551     5.549  3 55317.90015223 38.011
  68  44.141076  65.882003     2.090     2.082  4 55327.81579756 47.794
  69  44.140189  65.883954     3.238     3.235  3 55337.73144189 30.454
  70  44.136369  65.886172     2.907     2.813  3 55347.64708549 35.886
  71  44.134846  65.887058     2.320     2.320  2 55357.56272768 35.388
  72  44.135927  65.886723     1.044     0.950  3 55367.47836811 45.725
  73  44.135015  65.886362     3.490     2.997  3 55377.39400690 31.902
  74  44.136396  65.886615     0.347     0.347  2 55387.30964506 43.796
  75  44.136662  65.887331     2.871     2.871  2 55397.22528220 37.327
  76  44.135389  65.887507     3.422     2.889  3 55407.14092517 38.041
  77  44.135678  65.886142     3.128     2.566  3 55417.05657638 36.528
  78  44.136261  65.883900     3.111     3.159  3 55426.97222421 33.800
  79  44.139287  65.882294     1.849     1.550  3 55436.88786953 38.367
  80  44.140623  65.882348     3.084     3.299  3 55446.80351331 33.210
  81  44.140217  65.883553     2.976     2.940  3 55456.71915642 34.867
  82  44.137915  65.884782     3.261     3.271  3 55466.63479868 38.117
  83  44.137059  65.884641     2.856     2.846  3 55476.55043794 36.946
  84  44.138971  65.883360     2.686     2.939  3 55486.46607431 36.876
  85  44.139254  65.882336     1.535     1.861  3 55496.38170837 34.601
  86  44.142780  65.882829     1.969     2.007  3 55506.29734418 37.464
  87  44.139816  65.884504     1.806     1.669  3 55516.21299440 44.749
  88  44.135505  65.886363     3.668     3.228  3 55526.12864357 35.374
  89  44.134643  65.886984     3.090     3.090  2 55536.04429108 30.827
  90  44.135057  65.886706     2.385     2.385  2 55545.95993659 22.026
  91  44.135537  65.886520    14.940    14.795  3 55555.87558026 17.863
  92  44.135665  65.886852    15.935    16.036  3 55565.79122296 16.066
  93  44.134301  65.887073    16.385    16.385  2 55575.70686489 15.047
  94  44.137972  65.885996    11.440    15.756  3 55585.62250560 17.757
  95  44.139241  65.884488    16.520    16.674  3 55595.53814282 14.877
  96  44.142598  65.883180    17.200    16.886  3 55605.45377705 12.112
  97  44.138526  65.883308    16.806    16.887  3 55615.36940849 12.545
  98  44.137259  65.884118    16.443    16.321  3 55625.28504899 12.993
  99  44.139393  65.884419    17.624    17.297  3 55635.20070147 10.257
 100  44.137805  65.884433    16.433    16.286  3 55645.11635146 13.118
 101  44.138620  65.883709     2.620     2.579  3 55655.03199892 30.447
 102  44.140411  65.882895    15.378    15.010  3 55664.94764191 23.252
 103  44.141018  65.882825     3.618     3.549  3 55674.86328180 33.913
 104  44.139660  65.883838     4.281     4.325  3 55684.77891980 43.596
 105  44.137936  65.885360     3.229     3.244  3 55694.69455657 30.381
 106  44.133900  65.886813     2.850     2.850  2 55704.61019178 31.883
 107  44.136237  65.886904     3.409     3.409  2 55714.52583876 31.330
 108  44.137626  65.886677     2.843     2.843  2 55724.44148792 32.343
 109  44.135159  65.886986     1.730     1.730  2 55734.35713478 40.060
 110  44.133522  65.887407     3.611     3.611  2 55744.27278046 34.285
 111  44.135327  65.887002     0.535     0.535  2 55754.18842496 45.114
 112  44.138294  65.885452     3.303     2.791  3 55764.10406730 34.140
 113  44.140184  65.883581     3.980     4.035  3 55774.01970675 26.118
 114  44.139876  65.882484     2.725     2.679  3 55783.93534263 35.621
 115  44.140296  65.883200     2.749     2.759  3 55793.85097610 34.133
 116  44.138600  65.884774     1.267     1.162  3 55803.76661223 41.200
 117  44.139603  65.885267     0.367     0.282  3 55813.68226193 49.164
 118  44.135885  65.884700     2.808     3.003  3 55823.59790926 38.361
 119  44.140286  65.883159     3.982     3.972  3 55833.51355264 36.086
 120  44.141950  65.882504     3.856     3.687  3 55843.42919162 36.897
 121  44.142559  65.883380     2.779     2.710  3 55853.34482744 33.936
 122  44.137515  65.885554     2.010     2.010  2 55863.26046329 45.835
 123  44.134634  65.886769     2.110     2.610  3 55873.17611699 42.541
 124  44.135386  65.886867     2.856     2.856  2 55883.09176595 42.432
 125  44.134275  65.886639     5.113     5.113  2 55893.00740838 42.375
 126  44.134897  65.886590     3.846     3.846  2 55902.92304538 36.672
 127  44.135778  65.887248     2.777     2.777  2 55912.83868218 27.610
 128  44.136122  65.887642     3.520     3.520  2 55922.75433641 25.960
 129  44.135064  65.887229     0.769     0.769  2 55932.66998767 23.688
 130  44.138247  65.885067    17.598    17.598  2 55942.58563506 14.212
 131  44.142236  65.882486    18.053    17.608  3 55952.50127821 14.319
 132  44.139344  65.881794    17.529    17.391  3 55962.41691733 13.041
 133  44.138011  65.883046    20.972    22.617  3 55972.33255452 13.414
 134  44.135551  65.885330    11.876    15.109  3 55982.24819035 17.927
 135  44.135436  65.886201    19.383    17.872  3 55992.16382484 11.513
 136  44.138304  65.884902    19.952    19.952  2 56002.07947270 10.730
 137  44.138595  65.882837    20.490    21.223  3 56011.99512267 11.264
 138  44.139126  65.882145    17.006    17.099  3 56021.91076899 13.496
 139  44.140252  65.883368     2.556     2.570  3 56031.82641244 27.397
 140  44.136965  65.885928     2.401     2.351  3 56041.74205337 29.391
 141  44.134714  65.887586    10.722    10.722  2 56051.65769203 36.645
 142  44.136684  65.887619     2.649     2.649  2 56061.57332832 42.457
 143  44.135458  65.886706     3.080     3.080  2 56071.48896697 34.510
 144  44.135829  65.885999     3.657     3.657  2 56081.40461757 28.127
 145  44.136122  65.886435     3.863     3.863  2 56091.32026554 29.528
 146  44.135305  65.887494     3.740     3.740  2 56101.23591102 33.739
 147  44.134796  65.887270     2.977     2.977  2 56111.15154234 35.118
 148  44.137093  65.885324     0.850     0.867  3 56121.06718219 48.264
 149  44.140049  65.882843     0.734     0.749  3 56130.98281838 47.001
 150  44.141230  65.881871     6.341     3.318  4 56140.89845294 31.198
 151  44.139151  65.883107     2.719     2.735  3 56150.81410366 33.473
 152  44.139570  65.885160     3.785     3.491  3 56160.72975272 35.485
 153  44.135672  65.886313     2.801     2.801  2 56170.64539976 32.739
 154  44.137789  65.885010     2.755     2.755  2 56180.56104340 30.493
 155  44.140578  65.882982     3.230     3.141  3 56190.47668316 31.927
 156  44.140705  65.882298     0.922     0.895  4 56200.39231978 45.576
 157  44.141501  65.883987     2.773     2.573  3 56210.30795402 34.269
 158  44.134247  65.887150     3.209     3.209  2 56220.22358563 36.303
 159  44.136380  65.888599     4.199     4.199  2 56230.13923574 34.821
 160  44.134489  65.888194     0.992     0.992  2 56240.05488884 44.679
 161  44.134714  65.886893     1.098     1.162  3 56249.97053820 40.861
 162  44.135070  65.885868     0.738     0.898  3 56259.88618274 43.792
 163  44.135408  65.886248     2.462     2.462  2 56269.80182461 30.375
 164  44.136068  65.886900     8.972    10.957  3 56279.71746477 24.735
 165  44.135160  65.886942     5.573     2.491  3 56289.63311569 20.773
 166  44.136930  65.885124     8.165    10.221  3 56299.54876418 20.433
 167  44.137315  65.882866    11.460    15.581  3 56309.46440858 18.348
 168  44.142747  65.881452    13.195    14.887  3 56319.38005104 15.987
 169  44.140238  65.882833    12.199    12.015  4 56329.29569178 19.195
 170  44.136229  65.885222     9.246     8.680  3 56339.21133153 21.498
 171  44.135772  65.886539    16.192    16.192  2 56349.12696955 19.209
 172  44.136614  65.885686    20.159    20.159  2 56359.04260532 11.915
 173  44.141001  65.883381    19.590    18.387  3 56368.95825636 11.025
 175  44.139419  65.884234    17.653    17.311  3 56388.78954926 11.980
 176  44.135014  65.886981     2.698     2.471  3 56398.70519213 35.495
 177  44.136372  65.888463    10.068    10.068  2 56408.62083308 39.207
 178  44.136435  65.888272     5.045     5.045  2 56418.53646966 38.725
 179  44.132948  65.887359     3.042     3.042  2 56428.45210233 34.197
 180  44.135980  65.886043     3.109     3.278  3 56438.36775646 30.386
 181  44.136739  65.885878     8.904     8.904  2 56448.28340779 28.186
 182  44.137055  65.886324     2.800     2.800  2 56458.19905688 36.607
 183  44.136424  65.885942     2.989     2.989  2 56468.11470262 47.155
 184  44.137673  65.884714     2.188     2.552  3 56478.03034451 34.249
 185  44.141057  65.883029     2.943     3.034  3 56487.94598277 30.941
 186  44.138638  65.882867     3.391     3.428  3 56497.86161788 29.992
 187  44.136316  65.883956     1.502    -0.064  3 56507.77725172 35.724
 188  44.135177  65.885674     3.078     2.981  3 56517.69288918 43.544
 189  44.136887  65.886065     3.317     3.317  2 56527.60854354 36.792
 190  44.135438  65.885642     1.632     1.637  3 56537.52419338 34.214
 192  44.139260  65.883991     3.322     3.349  3 56557.35548328 32.231
 193  44.135420  65.885346     0.003    -0.001  3 56567.27112543 44.613
 194  44.132922  65.887483    10.278    10.278  2 56577.18676634 29.085
 195  44.137464  65.888502     3.656     3.656  2 56587.10240444 45.425
 196  44.135244  65.888485     2.135     2.135  2 56597.01804460 42.814
 197  44.135438  65.887145     1.781     1.781  2 56606.93369648 43.190
 198  44.135863  65.886233     1.716     1.716  2 56616.84934344 45.583
 199  44.134968  65.886130     0.568     0.462  3 56626.76498680 42.473
 200  44.135088  65.886214     2.310     2.334  3 56636.68062749 34.094
 201  44.137533  65.885687     3.504     3.512  3 56646.59626852 22.042
 202  44.139496  65.884381     2.439     2.463  3 56656.51192092 36.816
 203  44.138192  65.883273    14.427    14.510  3 56666.42756869 14.817
 204  44.142208  65.883013    15.577    15.572  3 56676.34321431 12.413
 205  44.139051  65.884108    16.487    16.434  3 56686.25885815 12.881
 206  44.139726  65.885109    16.871    16.695  3 56696.17450037 10.218
 207  44.136915  65.885667    11.609    16.069  3 56706.09013771 19.235
 208  44.137251  65.885324     2.932     2.939  3 56716.00577073 36.099
 209  44.136486  65.884719   -20.468   -20.474  3 56725.92142411  6.217
 210  44.136649  65.885097     2.371     2.417  3 56735.83707355 22.601
 211  44.134749  65.886666    17.168    17.168  2 56745.75271937 11.190
 212  44.136957  65.887758    17.346    17.346  2 56755.66836129 12.924
 213  44.135008  65.888222     3.876     3.876  2 56765.58399720 44.117
 214  44.136048  65.887484     4.834     4.834  2 56775.49963659 37.232
 215  44.135596  65.886677     3.669     3.669  2 56785.41529328 31.771
 216  44.137176  65.886268     3.580     3.547  3 56795.33094651 37.447
 217  44.136411  65.886221     3.348     3.358  3 56805.24659549 31.098
 218  44.137999  65.885594     1.488     1.300  3 56815.16223786 45.952
 219  44.140702  65.884330     3.913     3.862  3 56825.07787688 30.872
 220  44.141763  65.883372   -20.476   -20.318  3 56834.99351197  9.770
 221  44.138449  65.883761     1.600     1.628  3 56844.90914326 38.564
 223  44.137471  65.885338     3.094     2.644  3 56864.74044218 32.450
 224  44.139164  65.885259     1.266     0.937  3 56874.65609519 36.738
 225  44.139543  65.884794     3.005     2.685  3 56884.57174494 33.265
 226  44.138124  65.884395     8.550     4.964  3 56894.48739143 25.394
 227  44.137152  65.884725     2.581     2.536  3 56904.40303477 33.875
 228  44.137257  65.885946     2.879     2.745  3 56914.31867613 35.926
 229  44.137156  65.887418     9.209     9.209  2 56924.23431571 31.978
 230  44.134889  65.888408     4.854     4.854  2 56934.14995243 31.745
 231  44.136226  65.888107     5.012     5.012  2 56944.06558425 35.723
 232  44.133858  65.887004     3.716     3.716  2 56953.98123191 41.471
 233  44.138196  65.885849     2.375     2.299  3 56963.89688243 45.299
 234  44.137153  65.886193     1.478     1.582  3 56973.81252766 46.341
 235  44.134275  65.887033     1.120     1.120  2 56983.72816834 41.847
 236  44.135492  65.886706     0.882     0.916  3 56993.64380457 42.616
 237  44.135709  65.885137     1.573     1.606  3 57003.55944201 32.627
 238  44.137577  65.883135     3.314     3.463  3 57013.47509861 34.031
 239  44.142247  65.882548     2.505     2.520  3 57023.39075019 29.618
 240  44.137726  65.884477    15.834    15.640  3 57033.30639831 16.553
 241  44.137168  65.886135    15.441    15.734  3 57043.22204451 18.784
 242  44.134959  65.886539    16.527    16.527  2 57053.13768821 16.969
 243  44.135244  65.885380    17.027    16.993  3 57063.05332770 14.517
 244  44.136204  65.884569    16.824    16.651  3 57072.96896207 16.783
 245  44.136564  65.885427     3.550     3.981  3 57082.88459248 21.518
 246  44.137149  65.887354     3.392     3.392  2 57092.80024025 20.475
 247  44.134615  65.889115     3.097     3.097  2 57102.71589702 20.764
 248  44.133836  65.889188     1.557     1.557  2 57112.63155032 23.120
 249  44.133173  65.887663     9.240     9.240  2 57122.54719771 28.832
 250  44.137466  65.885671     7.437     3.280  3 57132.46284008 25.953
 251  44.139061  65.885243     2.555     2.459  3 57142.37847736 31.804
 252  44.137515  65.886467     3.216     3.216  2 57152.29411130 46.461
 253  44.136282  65.887591     3.297     3.297  2 57162.20974269 37.134
 254  44.134562  65.886944     1.663     1.663  2 57172.12539992 46.685
 255  44.139004  65.884617     2.531     2.540  3 57182.04105481 30.856
 256  44.138922  65.882729     0.921     0.938  3 57191.95670539 48.052
 257  44.137789  65.882759    11.620    15.416  3 57201.87235298 37.414
 258  44.136445  65.884539     7.045     2.739  3 57211.78798687 32.378
 259  44.137086  65.886402     2.918     2.905  3 57221.70363065 34.306
 260  44.134528  65.886941     0.779     0.761  3 57231.61927279 44.709
 261  44.136047  65.886026     0.579     0.579  2 57241.53491282 41.725
 262  44.136195  65.884981     3.589     2.949  3 57251.45055012 31.478
 263  44.134849  65.885654    12.375    15.779  3 57261.36618535 25.863
 264  44.136051  65.887628     4.133     4.133  2 57271.28181956 32.399
 265  44.137237  65.889306     1.685     1.685  2 57281.19747558 47.206
 266  44.132643  65.889637     2.983     2.983  2 57291.11313035 42.024
 267  44.136558  65.887617     4.014     4.014  2 57301.02878288 33.312
 268  44.135092  65.885369     7.290     3.154  3 57310.94443119 32.427
 269  44.138997  65.884127    15.746    15.746  2 57320.86007661 28.731
 270  44.139374  65.884949     3.673     3.494  3 57330.77571905 50.446
 271  44.135760  65.886754     1.806     1.763  3 57340.69135898 41.151
 272  44.134845  65.886655     3.003     2.997  3 57350.60700938 28.808
 273  44.139556  65.884554     2.529     1.637  3 57360.52265488 29.429
 274  44.142901  65.882231     2.793     2.665  3 57370.43829712 31.382
 275  44.139083  65.882358     2.493     2.298  3 57380.35393640 22.580
 276  44.137047  65.884563     2.851     2.896  3 57390.26957478 20.675
 277  44.133778  65.887125     2.611     2.611  2 57400.18521208 21.523
 278  44.133507  65.887861    16.967    16.967  2 57410.10085132 11.887
 279  44.137585  65.886303    16.929    16.929  2 57420.01650420 12.629
 280  44.136117  65.885259     2.175     2.130  3 57429.93215396 21.421
 281  44.137782  65.885571    17.166    17.166  2 57439.84780181 11.400
 282  44.135791  65.887502    17.260    17.260  2 57449.76344820 13.879
 283  44.132585  65.889139     2.971     2.971  2 57459.67909309 20.477
 284  44.132358  65.889151    17.348    17.348  2 57469.59473514 13.718
 285  44.137211  65.887309    16.500    16.500  2 57479.51037366 21.251
 286  44.137833  65.885564    20.311    20.311  2 57489.42600875 23.548
 287  44.137811  65.884991    11.301    14.731  3 57499.34164176 35.182
 288  44.137057  65.885764     3.911     3.978  3 57509.25728511 47.615
 289  44.136037  65.886366     3.954     3.958  3 57519.17294094 33.443
 290  44.135076  65.886384     2.980     2.980  2 57529.08859400 33.116
 291  44.137825  65.884837     1.464     1.020  3 57539.00424436 36.096
 292  44.142518  65.883033     0.927     0.881  3 57548.91989222 50.239
 293  44.139609  65.882795     0.337     0.395  3 57558.83553795 44.597
 294  44.138311  65.884223     3.126     3.056  3 57568.75118298 42.441
 295  44.135845  65.886140     3.236     3.294  3 57578.66682737 34.769
 296  44.133989  65.887208     3.961     3.961  2 57588.58247034 32.498
 297  44.134750  65.886818     2.977     2.764  3 57598.49811099 33.880
