 -95957.157    51.512     0.00    5.19
 -95670.936    50.687    -2.88    5.59
 -95384.711    50.023    -2.32    5.92
 -95098.483    49.549    -1.66    5.79
 -94812.251    48.804    -2.60    5.56
 -94526.014    48.054    -2.62    5.11
 -94239.774    48.390     1.17    5.57
 -93953.530    50.260     6.53    7.20
 -93667.283    53.461    11.18    8.99
 -93381.031    56.750    11.49   10.28
 -93094.776    60.004    11.37   10.48
 -92808.517    63.282    11.45    9.76
 -92522.254    66.230    10.30    7.44
 -92235.987    67.692     5.11    5.84
 -91949.716    68.547     2.99    5.18
 -91663.441    68.369    -0.62    5.47
 -91377.163    68.447     0.27    5.87
 -91090.881    68.556     0.38    6.29
 -90804.595    68.918     1.26    6.67
 -90518.305    68.688    -0.80    7.27
 -90232.011    67.243    -5.05    8.12
 -89945.713    65.026    -7.75    8.85
 -89659.412    62.204    -9.86    9.14
 -89373.107    60.321    -6.58    8.17
 -89086.797    59.039    -4.48    6.96
 -88800.485    58.038    -3.50    5.74
 -88514.168    58.040     0.01    4.97
 -88227.847    59.047     3.52    5.02
 -87941.523    59.834     2.75    4.68
 -87655.194    59.361    -1.65    5.33
 -87368.862    56.563    -9.77    7.93
 -87082.526    53.184   -11.80    9.83
 -86796.186    48.792   -15.34   11.06
 -86509.843    44.876   -13.67   10.43
 -86223.495    41.128   -13.09    7.99
 -85937.144    38.078   -10.65    5.24
 -85650.788    36.062    -7.04    3.80
 -85364.429    34.081    -6.92    4.06
 -85078.066    32.332    -6.11    4.09
 -84791.700    31.258    -3.75    4.41
 -84505.329    32.445     4.14    7.23
 -84218.955    37.073    16.16   15.26
 -83932.576    41.663    16.02   18.92
 -83646.194    44.443     9.71   19.76
 -83359.808    46.501     7.19   19.42
 -83073.419    47.141     2.24   18.80
 -82787.025    46.169    -3.40   18.47
 -82500.627    43.556    -9.12   17.75
 -82214.226    38.855   -16.42   13.28
 -81927.821    36.897    -6.84   11.84
 -81641.412    36.521    -1.31   12.26
 -81354.999    36.739     0.76   12.88
 -81068.582    37.188     1.57   13.53
 -80782.162    37.513     1.13   13.87
 -80495.737    35.917    -5.57   13.18
 -80209.309    32.973   -10.28   10.40
 -79922.877    30.882    -7.30    7.85
 -79636.441    29.343    -5.37    6.00
 -79350.001    28.400    -3.29    4.82
 -79063.557    27.638    -2.66    3.09
 -78777.110    27.198    -1.54    3.16
 -78490.659    26.417    -2.72    3.29
 -78204.203    25.697    -2.52    3.21
 -77917.744    25.482    -0.75    3.10
 -77631.282    25.518     0.12    3.03
 -77344.815    25.785     0.93    2.94
 -77058.344    25.611    -0.61    3.40
 -76771.870    24.491    -3.91    4.93
 -76485.392    22.897    -5.57    5.78
 -76198.909    21.904    -3.47    5.68
 -75912.423    21.535    -1.29    5.42
 -75625.934    21.521    -0.05    5.11
 -75339.440    22.355     2.91    4.90
 -75052.942    23.733     4.81    4.73
 -74766.441    25.383     5.76    3.85
 -74479.936    26.568     4.14    2.78
 -74193.427    27.372     2.81    1.67
 -73906.914    27.726     1.24    1.43
 -73620.397    28.001     0.96    1.53
 -73333.876    28.143     0.49    1.72
 -73047.352    28.321     0.62    1.85
 -72760.824    28.491     0.59    1.90
 -72474.291    28.748     0.90    1.93
 -72187.755    28.975     0.79    1.87
 -71901.215    29.075     0.35    1.65
 -71614.672    29.015    -0.21    1.64
 -71328.124    28.924    -0.32    1.80
 -71041.573    28.737    -0.65    1.81
 -70755.017    28.308    -1.50    1.71
 -70468.458    28.088    -0.77    1.56
 -70181.895    28.059    -0.10    1.55
 -69895.328    28.281     0.78    1.85
 -69608.758    28.538     0.90    1.87
 -69322.183    28.647     0.38    1.97
 -69035.605    28.750     0.36    2.23
 -68749.022    29.138     1.35    2.03
 -68462.436    29.361     0.78    1.67
 -68175.846    29.223    -0.48    1.77
 -67889.253    28.931    -1.02    1.89
 -67602.655    28.591    -1.19    1.93
 -67316.053    28.099    -1.72    2.05
 -67029.448    27.587    -1.79    1.88
 -66742.839    27.157    -1.50    1.87
 -66456.225    26.699    -1.60    1.81
 -66169.609    26.610    -0.31    1.75
 -65882.988    26.449    -0.56    1.71
 -65596.363    26.048    -1.40    1.91
 -65309.734    25.530    -1.81    2.46
 -65023.102    25.436    -0.33    2.55
 -64736.466    25.329    -0.37    2.53
 -64449.826    25.094    -0.82    2.59
 -64163.182    24.708    -1.35    2.55
 -63876.534    24.459    -0.87    2.54
 -63589.882    24.323    -0.47    2.36
 -63303.227    24.446     0.43    1.99
 -63016.567    24.216    -0.80    1.85
 -62729.904    23.372    -2.94    2.42
 -62443.237    22.016    -4.73    3.21
 -62156.566    20.779    -4.31    3.69
 -61869.891    20.228    -1.92    4.14
 -61583.212    20.766     1.88    5.18
 -61296.530    21.521     2.63    5.81
 -61009.843    22.664     3.99    6.10
 -60723.153    24.199     5.35    5.77
 -60436.459    26.015     6.33    3.76
 -60149.761    27.115     3.84    1.63
 -59863.059    27.446     1.15    1.80
 -59576.353    27.848     1.40    1.96
 -59289.644    28.343     1.73    1.93
 -59002.930    28.712     1.29    1.79
 -58716.213    29.076     1.27    1.58
 -58429.492    29.434     1.25    1.62
 -58142.767    29.421    -0.05    1.52
 -57856.038    29.167    -0.88    1.54
 -57569.305    29.088    -0.28    1.58
 -57282.569    29.116     0.10    1.72
 -56995.828    29.258     0.49    1.81
 -56709.084    29.285     0.09    1.83
 -56422.336    29.221    -0.23    1.80
 -56135.584    29.279     0.20    1.62
 -55848.828    29.456     0.62    1.69
 -55562.068    29.439    -0.06    1.80
 -55275.304    29.251    -0.65    1.84
 -54988.537    29.138    -0.40    2.05
 -54701.765    29.237     0.35    2.44
 -54414.990    29.255     0.06    2.47
 -54128.211    28.980    -0.96    2.19
 -53841.428    28.643    -1.17    2.08
 -53554.641    28.145    -1.74    2.17
 -53267.850    27.622    -1.82    2.18
 -52981.056    27.206    -1.45    2.19
 -52694.257    26.876    -1.15    2.49
 -52407.455    26.786    -0.31    2.59
 -52120.649    26.687    -0.35    2.54
 -51833.839    27.109     1.47    2.51
 -51547.025    27.268     0.55    2.61
 -51260.207    27.347     0.27    3.03
 -50973.386    27.876     1.84    3.92
 -50686.560    27.684    -0.67    4.32
 -50399.731    27.352    -1.16    4.34
 -50112.898    27.176    -0.61    4.21
 -49826.220    27.173    -0.01    4.13
 -49540.132    27.024    -0.52    3.71
 -49254.042    26.547    -1.67    3.49
 -48967.948    26.110    -1.52    3.80
 -48681.852    26.223     0.39    3.69
 -48395.752    25.536    -2.40    3.81
 -48109.649    24.650    -3.10    3.56
 -47823.543    23.889    -2.66    3.48
 -47537.434    22.781    -3.87    3.62
 -47251.322    22.347    -1.52    3.64
 -46965.206    22.091    -0.89    3.54
 -46679.088    22.835     2.60    4.74
 -46392.966    23.842     3.52    5.71
 -46106.842    24.026     0.64    5.81
 -45820.714    24.476     1.57    5.78
 -45534.583    25.085     2.13    5.32
 -45248.449    24.897    -0.66    5.30
 -44962.312    24.118    -2.72    4.93
 -44676.171    22.818    -4.54    3.39
 -44390.028    22.278    -1.89    2.57
 -44103.882    22.801     1.83    2.55
 -43817.732    23.349     1.91    2.33
 -43531.579    24.048     2.45    2.48
 -43245.423    24.897     2.96    2.59
 -42959.265    25.602     2.46    2.71
 -42673.102    26.584     3.43    2.82
 -42386.937    27.745     4.06    3.37
 -42100.769    29.348     5.60    3.68
 -41814.598    30.718     4.79    3.95
 -41528.423    31.999     4.48    3.72
 -41242.245    33.026     3.59    3.14
 -40956.065    33.596     1.99    2.26
 -40669.881    33.314    -0.99    2.35
 -40383.694    32.389    -3.23    2.85
 -40097.504    31.386    -3.51    2.78
 -39811.311    30.573    -2.84    2.54
 -39525.114    29.917    -2.29    2.31
 -39238.915    29.386    -1.85    2.18
 -38952.712    29.133    -0.89    2.17
 -38666.507    29.185     0.18    2.20
 -38380.298    29.287     0.35    2.07
 -38094.086    29.489     0.71    1.87
 -37807.871    29.460    -0.10    1.74
 -37521.653    29.199    -0.91    2.10
 -37235.431    29.077    -0.43    2.46
 -36949.207    28.972    -0.37    2.84
 -36662.980    28.904    -0.24    2.99
 -36376.749    28.695    -0.73    3.05
 -36090.515    28.584    -0.39    3.11
 -35804.278    28.143    -1.54    3.33
 -35518.038    27.053    -3.81    3.60
 -35231.795    25.340    -5.98    3.91
 -34945.549    23.276    -7.21    4.37
 -34659.300    21.123    -7.52    4.91
 -34373.047    19.421    -5.95    5.17
 -34086.792    17.591    -6.39    5.40
 -33800.533    15.559    -7.10    5.87
 -33514.271    13.467    -7.31    6.31
 -33228.006    11.798    -5.83    6.62
 -32941.738     9.939    -6.49    6.68
 -32655.467     7.786    -7.52    6.45
 -32369.193     5.959    -6.38    5.77
 -32082.916     4.596    -4.76    4.73
 -31796.635     3.404    -4.16    3.70
 -31510.351     2.287    -3.90    2.54
 -31224.065     1.677    -2.13    1.67
 -30937.775     1.544    -0.46    1.55
 -30651.482     1.509    -0.12    1.55
 -30365.186     1.290    -0.77    1.09
 -30078.886     1.262    -0.10    1.15
 -29792.584     1.448     0.65    1.57
 -29506.279     1.645     0.69    1.66
 -29219.970     1.904     0.90    1.77
 -28933.658     3.081     4.11    3.44
 -28647.343     5.023     6.78    5.32
 -28361.025     7.530     8.76    6.88
 -28074.704    10.708    11.10    7.55
 -27788.380    14.054    11.69    6.91
 -27502.053    17.135    10.76    5.67
 -27215.722    19.994     9.99    4.39
 -26929.389    22.682     9.39    5.25
 -26643.052    24.875     7.66    5.42
 -26356.712    26.263     4.85    5.21
 -26070.369    27.329     3.72    5.06
 -25784.023    29.232     6.65    5.21
 -25497.674    31.039     6.31    5.35
 -25211.322    32.278     4.32    5.33
 -24924.966    33.407     3.94    5.32
 -24638.608    35.082     5.85    5.02
 -24352.246    36.570     5.20    4.39
 -24065.881    37.904     4.66    3.37
 -23779.513    39.118     4.24    2.93
 -23493.142    40.184     3.72    2.58
 -23206.768    41.073     3.11    2.82
 -22920.391    41.502     1.50    3.06
 -22634.010    41.747     0.86    3.28
 -22347.627    41.825     0.27    3.00
 -22061.240    42.054     0.80    2.96
 -21774.850    41.889    -0.57    3.09
 -21488.457    41.518    -1.30    3.16
 -21202.061    40.890    -2.19    3.29
 -20915.662    40.509    -1.33    3.55
 -20629.260    40.346    -0.57    3.46
 -20342.854    39.924    -1.47    3.39
 -20056.446    39.322    -2.10    3.30
 -19770.034    38.663    -2.30    3.25
 -19483.619    38.102    -1.96    2.90
 -19197.201    37.620    -1.68    2.02
 -18910.780    37.362    -0.90    2.01
 -18624.356    36.828    -1.87    2.90
 -18337.929    35.695    -3.95    3.82
 -18051.498    34.765    -3.25    4.12
 -17765.065    33.819    -3.30    4.13
 -17478.628    33.136    -2.38    4.05
 -17192.188    33.031    -0.37    4.01
 -16905.745    33.436     1.41    4.14
 -16619.299    34.459     3.57    3.87
 -16332.850    35.680     4.26    2.83
 -16046.398    36.221     1.89    2.34
 -15759.942    36.068    -0.53    2.72
 -15473.484    35.544    -1.83    3.00
 -15187.022    34.854    -2.41    3.05
 -14900.557    34.088    -2.67    2.89
 -14614.089    33.450    -2.23    2.62
 -14327.618    32.827    -2.18    2.24
 -14041.144    31.995    -2.90    2.58
 -13754.667    31.372    -2.17    3.19
 -13468.186    30.821    -1.93    3.45
 -13181.703    29.897    -3.23    3.53
 -12895.216    28.594    -4.55    3.01
 -12608.726    27.754    -2.93    1.93
 -12322.233    27.606    -0.52    1.67
 -12035.737    27.841     0.82    1.72
 -11749.238    28.184     1.20    1.78
 -11462.735    28.561     1.31    1.92
 -11176.230    28.869     1.07    1.98
 -10889.721    29.393     1.83    2.05
 -10603.209    29.732     1.18    2.14
 -10316.694    30.287     1.93    2.22
 -10030.176    31.082     2.78    2.21
  -9743.655    31.758     2.36    2.31
  -9457.131    32.284     1.84    2.23
  -9170.603    32.280    -0.01    2.11
  -8884.073    31.745    -1.87    2.43
  -8597.539    31.056    -2.40    2.83
  -8311.002    30.350    -2.47    2.77
  -8024.462    29.511    -2.93    2.50
  -7737.919    28.875    -2.22    2.20
  -7451.373    28.390    -1.69    2.18
  -7164.824    28.291    -0.34    2.19
  -6878.271    28.801     1.78    2.53
  -6591.716    29.739     3.27    2.92
  -6305.157    30.614     3.05    3.06
  -6018.595    31.695     3.77    2.96
  -5732.030    32.308     2.14    2.99
  -5445.462    32.939     2.20    2.78
  -5158.891    34.728     6.24    4.57
  -4872.316    36.883     7.52    6.72
  -4585.739    38.842     6.84    7.71
  -4299.158    40.083     4.33    8.06
  -4012.574    40.143     0.21    8.29
  -3725.987    39.361    -2.73    8.89
  -3439.397    35.947   -11.92   12.16
  -3152.804    29.432   -22.73   15.23
  -2866.208    22.827   -23.05   15.51
  -2579.608    17.099   -19.99   15.06
  -2293.006    12.393   -16.42   14.59
  -2006.400     8.207   -14.61   13.10
  -1719.791     4.383   -13.34   10.28
  -1433.179     1.848    -8.84    6.75
  -1146.564     0.181    -5.81    1.92
   -859.946    -0.103    -0.99    0.00
   -573.324    -0.103     0.00    0.00
   -286.700    -0.103     0.00    0.00
     -0.072    -0.103     0.00    0.00
    286.559    -0.103     0.00    0.00
    573.193    -0.103     0.00    0.00
    859.830    -0.103     0.00    0.00
   1146.470    -0.103     0.00    0.00
   1433.113    -0.103     0.00    0.00
   1719.760     0.664     2.68    2.95
   2006.409     2.508     6.43    5.65
   2293.062     5.182     9.33    7.91
   2579.718     8.290    10.84    9.70
   2866.377    11.876    12.51   10.55
   3153.039    15.454    12.48    9.91
   3439.705    18.535    10.75    8.27
   3726.373    21.458    10.20    5.80
   4013.045    23.612     7.51    4.79
   4299.719    25.855     7.83    6.03
   4586.397    28.739    10.06    8.22
   4873.078    32.842    14.31   10.54
   5159.762    38.020    18.06   11.44
   5446.450    42.718    16.39   10.47
   5733.140    45.332     9.12    8.61
   6019.834    45.911     2.02    8.22
   6306.530    46.251     1.19    8.17
   6593.230    45.703    -1.91    8.60
   6879.933    44.308    -4.87    8.89
   7166.639    43.910    -1.39    8.17
   7453.348    45.799     6.59    7.84
   7740.061    47.689     6.59    7.45
   8026.776    50.003     8.07    6.56
   8313.495    51.925     6.70    6.03
   8600.217    53.692     6.16    4.80
   8886.942    54.869     4.10    4.34
   9173.670    55.883     3.54    3.59
   9460.401    57.283     4.88    3.11
   9747.135    57.841     1.95    2.65
  10033.873    58.152     1.09    2.72
  10320.613    58.138    -0.05    2.60
  10607.357    57.756    -1.33    3.11
  10894.104    56.685    -3.73    4.73
  11180.854    55.417    -4.42    4.97
  11467.607    54.234    -4.12    5.16
  11754.363    52.953    -4.47    5.00
  12040.952    52.362    -2.06    4.32
  12327.116    52.211    -0.53    4.09
  12613.282    52.024    -0.65    4.10
  12899.451    51.777    -0.86    3.95
  13185.621    50.523    -4.38    4.80
  13471.795    49.755    -2.69    5.05
  13757.970    49.365    -1.36    4.91
  14044.148    49.119    -0.86    4.74
  14330.329    49.047    -0.25    4.02
  14616.512    48.563    -1.69    4.04
  14902.697    46.473    -7.30    7.31
  15188.885    44.390    -7.28    8.85
  15475.075    43.589    -2.80    9.18
  15761.267    44.109     1.82    9.77
  16047.462    45.060     3.32   10.42
  16333.659    47.630     8.98    9.94
  16619.859    51.077    12.04    8.64
  16906.061    54.808    13.03    5.19
  17192.265    57.189     8.32    4.36
  17478.472    59.403     7.74    4.82
  17764.681    61.495     7.31    5.19
  18050.893    64.153     9.29    5.84
  18337.107    66.247     7.31    5.76
  18623.323    67.436     4.16    5.49
  18909.542    69.037     5.59    5.32
  19195.763    70.515     5.16    5.89
  19481.987    72.075     5.45    6.61
  19768.213    73.673     5.58    7.35
  20054.441    74.835     4.06    7.77
  20340.672    76.581     6.10    7.63
  20626.905    79.532    10.31    5.79
  20913.141    81.473     6.78    4.48
  21199.379    81.791     1.11    5.00
  21485.619    82.180     1.36    4.80
  21771.862    82.826     2.25    4.99
  22058.107    83.975     4.01    5.44
  22344.354    85.897     6.71    5.32
  22630.604    88.251     8.22    4.90
  22916.857    89.897     5.75    4.62
  23203.111    91.418     5.31    3.53
  23489.369    92.390     3.40    2.88
  23775.628    93.308     3.21    3.27
  24061.890    94.320     3.54    3.47
  24348.155    94.358     0.13    4.05
  24634.421    93.516    -2.94    4.76
  24920.690    92.632    -3.09    5.37
  25206.962    91.432    -4.19    5.62
  25493.236    88.911    -8.81    6.80
  25779.512    85.211   -12.92    7.29
  26065.791    82.021   -11.14    7.27
  26352.072    78.686   -11.65    7.56
  26638.356    75.380   -11.55    7.12
  26924.642    72.772    -9.11    5.98
  27210.930    70.598    -7.60    4.62
  27497.221    68.803    -6.27    5.35
  27783.514    67.663    -3.98    5.59
  28069.810    67.404    -0.90    5.57
  28356.108    67.539     0.47    5.78
  28642.408    68.179     2.24    6.03
  28928.711    68.600     1.47    5.99
  29215.016    69.223     2.18    5.47
  29501.323    69.067    -0.55    4.81
  29787.633    67.958    -3.87    4.20
  30073.946    67.397    -1.96    3.95
  30360.261    67.739     1.20    4.52
  30646.578    67.897     0.55    5.18
  30932.897    68.011     0.40    5.63
  31219.219    68.481     1.64    5.63
  31505.544    69.407     3.23    5.32
  31791.870    70.498     3.81    5.06
  32078.200    71.372     3.05    4.69
  32364.531    72.400     3.59    5.10
  32650.865    72.849     1.57    4.89
  32937.201    72.806    -0.15    4.38
  33223.540    73.326     1.82    4.60
  33509.881    74.232     3.16    5.00
  33796.225    74.841     2.12    4.92
  34082.571    75.154     1.09    4.78
  34368.919    75.540     1.35    4.37
  34655.270    75.848     1.08    4.59
  34941.623    76.054     0.72    4.43
  35227.979    75.952    -0.36    3.74
  35514.337    75.393    -1.95    4.26
  35800.697    74.945    -1.56    4.27
  36087.060    74.554    -1.37    4.32
  36373.425    74.129    -1.48    5.01
  36659.793    73.509    -2.16    5.01
  36946.163    72.647    -3.01    5.35
  37232.535    72.180    -1.63    5.77
  37518.910    72.081    -0.35    5.67
  37805.287    71.634    -1.56    5.22
  38091.667    70.931    -2.46    5.54
  38378.049    70.465    -1.63    6.05
  38664.433    71.414     3.31    6.80
  38950.820    72.924     5.27    7.76
  39237.209    73.119     0.68    8.05
  39523.601    71.354    -6.16    9.24
  39809.995    67.925   -11.97   12.42
  40096.392    62.968   -17.31   16.02
  40382.790    58.268   -16.41   17.79
  40669.192    52.269   -20.95   15.97
  40955.595    46.671   -19.55   11.21
  41242.001    43.087   -12.51    6.43
  41528.410    41.972    -3.89    4.13
  41814.821    42.910     3.28    4.02
  42101.234    44.225     4.59    3.15
  42387.650    45.074     2.96    2.72
  42674.068    45.587     1.79    2.57
  42960.488    46.287     2.44    2.30
  43246.911    46.953     2.33    1.96
  43533.336    47.526     2.00    1.70
  43819.764    47.848     1.12    1.60
  44106.194    48.195     1.21    1.43
  44392.627    48.773     2.02    1.62
  44679.062    49.925     4.02    3.36
  44965.499    52.269     8.18    6.45
  45251.939    55.721    12.05    8.93
  45538.381    58.868    10.99    9.18
  45824.825    60.939     7.23    8.20
  46111.272    62.340     4.89    6.90
  46397.722    63.003     2.31    6.15
  46684.173    62.876    -0.44    6.11
  46970.627    63.068     0.67    6.77
  47257.084    64.658     5.55    8.87
  47543.543    67.611    10.31   10.80
  47830.004    71.739    14.41   11.62
  48116.468    76.724    17.40   11.42
  48402.934    82.618    20.57   10.60
  48689.403    87.832    18.20    8.94
  48975.874    91.375    12.37    7.72
  49262.347    92.282     3.17    7.23
  49548.823    91.666    -2.15    8.44
  49835.301    89.216    -8.55    9.97
  50121.782    85.318   -13.61   10.37
  50408.265    80.420   -17.10    9.13
  50694.750    76.599   -13.34    6.32
  50981.238    74.494    -7.35    3.95
  51267.728    74.267    -0.79    3.52
  51554.221    74.685     1.46    3.91
  51840.716    75.475     2.76    4.26
  52127.214    76.981     5.26    4.07
  52413.713    78.712     6.04    2.90
  52700.216    79.556     2.95    2.48
  52986.720    79.752     0.68    3.21
  53273.227    78.883    -3.03    4.77
  53559.737    76.709    -7.59    5.92
  53846.249    73.883    -9.86    6.56
  54132.763    70.848   -10.59    6.16
  54419.280    68.540    -8.06    4.99
  54705.799    67.478    -3.71    4.32
  54992.321    67.570     0.32    5.25
  55278.845    68.608     3.62    6.45
  55565.371    70.435     6.38    7.32
  55851.900    72.897     8.59    7.32
  56138.431    74.660     6.15    6.16
  56424.964    75.400     2.58    5.08
  56711.500    75.509     0.38    4.40
  56998.039    75.110    -1.39    4.14
  57284.580    73.833    -4.46    4.40
  57571.123    72.112    -6.01    4.32
  57857.668    70.443    -5.83    3.91
  58144.216    69.118    -4.62    3.83
  58430.767    68.439    -2.37    4.16
  58717.320    67.509    -3.25    4.32
  59003.875    66.794    -2.50    4.08
  59290.433    66.479    -1.10    3.98
  59576.993    66.155    -1.13    3.62
  59863.555    66.143    -0.04    3.20
  60150.120    66.897     2.63    3.57
  60436.687    68.329     5.00    4.67
  60723.257    70.087     6.13    5.46
  61009.829    72.094     7.00    6.16
  61296.404    74.629     8.85    6.56
  61582.981    77.326     9.41    6.22
  61869.560    79.712     8.32    5.10
  62156.142    80.925     4.23    4.22
  62442.726    81.164     0.83    3.98
  62729.312    80.212    -3.32    4.60
  63015.901    78.188    -7.06    6.30
  63302.493    74.481   -12.94    8.01
  63589.087    70.544   -13.74    8.63
  63875.683    67.150   -11.84    7.94
  64162.281    64.066   -10.76    6.09
  64448.882    61.989    -7.25    4.01
  64735.486    60.869    -3.91    2.23
  65022.092    61.328     1.60    2.72
  65308.700    62.794     5.11    3.71
  65595.311    64.448     5.77    3.90
  65881.924    65.972     5.32    3.83
  66168.539    67.269     4.53    3.51
  66455.157    68.012     2.59    2.88
  66741.778    68.232     0.77    2.85
  67028.400    67.497    -2.57    3.44
  67315.025    66.018    -5.16    3.94
  67601.653    64.299    -6.00    4.05
  67888.283    62.321    -6.90    3.80
  68174.915    60.291    -7.08    3.95
  68461.550    58.424    -6.51    4.32
  68748.187    56.686    -6.06    4.62
  69034.827    54.939    -6.10    4.67
  69321.469    53.460    -5.16    4.29
  69608.113    52.298    -4.05    3.81
  69894.760    51.589    -2.47    3.14
  70181.409    50.826    -2.66    2.93
  70468.061    49.897    -3.24    3.11
  70754.715    49.097    -2.79    3.72
  71041.372    48.487    -2.13    4.38
  71328.031    48.492     0.02    5.37
  71614.692    48.897     1.41    6.27
  71901.356    48.931     0.12    7.16
  72188.022    49.481     1.92    7.45
  72474.690    50.418     3.27    7.16
  72761.361    51.251     2.91    6.25
  73048.035    51.199    -0.18    5.51
  73334.710    50.358    -2.94    5.16
  73621.389    48.967    -4.85    4.22
  73907.910    47.503    -5.11    2.32
  74194.151    46.590    -3.19    1.47
  74480.395    46.349    -0.84    1.46
  74766.640    46.196    -0.53    1.45
  75052.886    46.141    -0.19    1.51
  75339.134    46.218     0.27    1.61
  75625.384    46.538     1.12    1.72
  75911.636    47.308     2.69    2.10
  76197.889    48.177     3.04    2.36
  76484.145    48.769     2.07    2.17
  76770.401    49.152     1.34    1.99
  77056.660    49.329     0.62    1.89
  77342.920    49.209    -0.42    1.85
  77629.181    48.726    -1.68    1.92
  77915.445    48.057    -2.34    1.79
  78201.710    47.448    -2.13    1.79
  78487.977    46.903    -1.90    1.93
  78774.245    46.273    -2.20    1.97
  79060.515    45.746    -1.84    1.85
  79346.787    45.248    -1.74    1.82
  79633.061    44.951    -1.04    1.66
  79919.336    44.730    -0.77    1.47
  80205.613    44.735     0.02    1.42
  80491.892    45.136     1.40    1.66
  80778.172    45.749     2.14    1.85
  81064.454    46.568     2.86    2.05
  81350.737    47.502     3.26    2.19
  81637.023    48.471     3.38    2.24
  81923.310    49.414     3.29    2.34
  82209.598    50.393     3.42    2.59
  82495.889    51.540     4.01    2.74
  82782.181    52.686     4.00    2.86
  83068.474    53.855     4.09    3.03
  83354.770    55.094     4.33    3.08
  83641.067    56.366     4.44    3.03
  83927.366    57.753     4.84    3.10
  84213.666    59.014     4.40    3.48
  84499.968    60.450     5.02    4.20
  84786.272    61.933     5.18    4.81
  85072.577    63.194     4.41    5.13
  85358.885    63.942     2.61    5.12
  85645.193    64.587     2.25    5.28
  85931.504    65.402     2.85    5.53
