 -94524.608    37.538     0.00    1.13
 -94238.277    37.569     0.11    1.01
 -93951.947    37.524    -0.16    0.88
 -93665.618    37.487    -0.13    0.69
 -93379.292    37.430    -0.20    0.51
 -93092.967    37.430     0.00    0.46
 -92806.644    37.450     0.07    0.48
 -92520.324    37.452     0.01    0.48
 -92234.004    37.372    -0.28    0.52
 -91947.687    37.272    -0.35    0.56
 -91661.371    37.115    -0.55    0.61
 -91375.058    37.020    -0.33    0.62
 -91088.746    36.961    -0.21    0.60
 -90802.436    36.959    -0.01    0.59
 -90516.127    37.004     0.16    0.57
 -90229.821    37.014     0.04    0.54
 -89943.516    37.024     0.03    0.49
 -89657.213    37.064     0.14    0.52
 -89370.912    37.108     0.16    0.53
 -89084.613    37.122     0.05    0.53
 -88798.315    37.161     0.13    0.59
 -88512.019    37.346     0.65    0.69
 -88225.726    37.591     0.86    0.74
 -87939.433    37.924     1.16    0.92
 -87653.143    38.406     1.68    1.27
 -87366.855    38.985     2.02    1.50
 -87080.568    39.632     2.26    1.56
 -86794.283    40.259     2.19    1.43
 -86508.000    40.820     1.96    1.12
 -86221.719    41.270     1.57    0.65
 -85935.440    41.517     0.86    0.58
 -85649.162    41.728     0.74    0.62
 -85362.886    41.948     0.77    0.64
 -85076.612    42.154     0.72    0.61
 -84790.340    42.348     0.68    0.53
 -84504.070    42.513     0.58    0.47
 -84217.801    42.632     0.42    0.42
 -83931.534    42.721     0.31    0.35
 -83645.269    42.755     0.12    0.30
 -83359.006    42.816     0.21    0.34
 -83072.745    42.866     0.17    0.42
 -82786.485    42.917     0.18    0.49
 -82500.227    42.973     0.19    0.59
 -82213.972    43.085     0.39    0.74
 -81927.717    43.253     0.59    0.91
 -81641.465    43.392     0.49    1.02
 -81355.215    43.607     0.75    1.19
 -81068.966    43.934     1.14    1.31
 -80782.719    44.287     1.24    1.34
 -80496.474    44.616     1.15    1.30
 -80210.231    44.907     1.02    1.18
 -79923.989    45.149     0.84    0.99
 -79637.749    45.324     0.61    0.91
 -79351.512    45.392     0.24    0.96
 -79065.275    45.947     1.94    1.87
 -78779.041    46.936     3.46    2.73
 -78492.809    48.099     4.06    3.17
 -78206.578    49.270     4.09    3.14
 -77920.349    50.341     3.74    2.71
 -77634.122    51.021     2.38    2.07
 -77347.845    50.101    -3.21    4.29
 -77061.153    47.925    -7.59    6.20
 -76774.463    45.399    -8.81    7.29
 -76487.775    42.347   -10.65    7.27
 -76201.090    39.563    -9.71    6.16
 -75914.408    37.326    -7.80    4.03
 -75627.728    36.442    -3.08    2.53
 -75341.051    36.714     0.95    2.60
 -75054.376    37.455     2.58    2.68
 -74767.704    38.164     2.47    2.41
 -74481.034    38.628     1.62    2.12
 -74194.367    38.935     1.07    1.94
 -73907.702    38.830    -0.37    2.13
 -73621.040    38.054    -2.71    2.95
 -73334.380    37.105    -3.31    3.24
 -73047.723    36.129    -3.40    3.52
 -72761.069    35.033    -3.82    3.78
 -72474.417    34.066    -3.37    3.95
 -72187.768    32.841    -4.27    3.92
 -71901.121    31.450    -4.85    3.94
 -71614.476    30.341    -3.87    4.32
 -71327.835    29.359    -3.42    4.46
 -71041.195    28.561    -2.78    4.51
 -70754.559    27.790    -2.69    4.60
 -70467.924    27.139    -2.27    4.43
 -70181.293    26.526    -2.14    3.84
 -69894.664    26.332    -0.68    3.45
 -69608.037    26.466     0.47    3.20
 -69321.413    26.798     1.16    3.11
 -69034.792    27.700     3.14    3.59
 -68748.173    29.207     5.26    3.94
 -68461.556    30.390     4.13    3.65
 -68174.942    31.707     4.60    3.00
 -67888.331    32.474     2.68    2.73
 -67601.722    33.163     2.40    2.64
 -67315.116    34.054     3.11    2.69
 -67028.512    34.990     3.26    3.29
 -66741.911    36.335     4.69    3.94
 -66455.312    37.613     4.46    3.97
 -66168.716    38.531     3.20    3.87
 -65882.123    39.692     4.05    3.20
 -65595.532    40.281     2.06    2.93
 -65308.943    40.551     0.94    3.08
 -65022.357    40.163    -1.35    3.72
 -64735.774    38.837    -4.63    4.68
 -64449.193    36.360    -8.64    6.01
 -64162.614    32.349   -14.00    7.87
 -63876.039    28.350   -13.95    9.00
 -63589.465    24.437   -13.65    8.64
 -63302.895    21.042   -11.85    7.26
 -63016.326    18.834    -7.71    5.64
 -62729.761    17.148    -5.88    4.14
 -62443.197    16.645    -1.76    3.83
 -62156.637    17.693     3.66    4.30
 -61870.079    19.473     6.21    4.53
 -61583.523    21.776     8.04    4.93
 -61296.970    24.221     8.53    5.03
 -61010.420    26.235     7.03    5.06
 -60723.872    28.320     7.27    4.77
 -60437.326    29.992     5.84    4.06
 -60150.784    31.280     4.50    3.77
 -59864.243    32.476     4.17    3.62
 -59577.705    33.436     3.35    3.88
 -59291.170    34.372     3.26    4.04
 -59004.637    35.248     3.06    3.62
 -58718.107    35.895     2.26    3.16
 -58431.579    36.490     2.08    2.75
 -58145.054    36.544     0.19    2.46
 -57858.532    36.274    -0.94    2.31
 -57572.012    35.799    -1.66    2.14
 -57285.494    35.462    -1.18    2.14
 -56998.979    35.024    -1.53    2.26
 -56712.467    34.557    -1.63    2.31
 -56425.957    33.898    -2.30    2.47
 -56139.449    33.143    -2.64    2.82
 -55852.944    32.259    -3.08    3.21
 -55566.442    31.926    -1.16    3.17
 -55279.942    31.807    -0.42    3.00
 -54993.445    31.771    -0.12    2.83
 -54706.950    32.040     0.94    2.63
 -54420.458    31.613    -1.49    2.71
 -54133.968    30.457    -4.03    4.27
 -53847.481    29.466    -3.46    4.90
 -53560.997    28.394    -3.74    4.87
 -53274.515    27.762    -2.21    4.71
 -52988.035    27.263    -1.74    4.41
 -52701.558    26.931    -1.16    3.93
 -52415.084    26.891    -0.14    3.87
 -52128.612    27.531     2.23    3.11
 -51842.142    28.012     1.68    2.54
 -51555.675    27.953    -0.20    2.36
 -51269.211    27.539    -1.45    2.41
 -50982.749    27.440    -0.35    2.35
 -50696.290    27.707     0.93    2.35
 -50409.833    27.831     0.43    2.59
 -50123.379    27.557    -0.96    3.13
 -49836.927    27.624     0.24    3.78
 -49550.478    27.593    -0.11    4.35
 -49264.031    27.186    -1.42    4.20
 -48977.587    26.537    -2.27    4.24
 -48691.146    26.033    -1.76    3.74
 -48404.707    26.312     0.98    3.27
 -48118.270    26.721     1.43    3.25
 -47831.836    26.490    -0.81    3.10
 -47545.405    26.289    -0.70    3.00
 -47258.976    26.013    -0.96    3.00
 -46972.549    25.880    -0.47    3.06
 -46686.126    25.879    -0.00    2.78
 -46399.704    26.492     2.14    3.08
 -46113.286    27.128     2.22    3.24
 -45826.869    27.878     2.62    3.04
 -45540.456    28.259     1.33    2.82
 -45254.044    28.286     0.10    2.80
 -44967.636    27.333    -3.33    3.80
 -44681.229    25.816    -5.30    4.54
 -44394.826    24.098    -6.00    4.36
 -44108.425    22.480    -5.65    4.00
 -43822.026    21.071    -4.92    3.87
 -43535.630    19.430    -5.73    4.08
 -43249.237    18.685    -2.60    4.43
 -42962.846    18.537    -0.52    4.60
 -42676.457    18.390    -0.51    4.66
 -42390.071    18.183    -0.72    4.68
 -42103.688    17.502    -2.38    4.45
 -41817.307    17.332    -0.59    3.85
 -41530.929    17.728     1.38    3.55
 -41244.553    18.308     2.03    3.59
 -40958.180    18.714     1.42    3.50
 -40671.809    19.179     1.62    3.12
 -40385.441    19.700     1.82    2.49
 -40099.075    20.087     1.35    2.22
 -39812.712    20.263     0.61    2.34
 -39526.351    20.584     1.12    2.82
 -39239.993    21.207     2.18    3.17
 -38953.638    22.318     3.88    3.22
 -38667.285    23.452     3.96    2.81
 -38380.934    24.434     3.43    2.35
 -38094.586    25.005     1.99    2.13
 -37808.241    25.090     0.30    2.24
 -37521.898    25.080    -0.03    2.52
 -37235.557    24.494    -2.05    2.86
 -36949.220    23.700    -2.77    3.17
 -36662.884    22.728    -3.40    3.72
 -36376.551    21.748    -3.42    4.18
 -36090.221    20.510    -4.32    4.55
 -35803.893    18.824    -5.89    5.23
 -35517.568    16.346    -8.65    6.51
 -35231.245    13.469   -10.05    7.29
 -34944.925    10.593   -10.04    7.25
 -34658.608     7.901    -9.40    6.66
 -34372.292     5.764    -7.46    5.64
 -34085.980     4.228    -5.36    4.14
 -33799.670     3.283    -3.30    2.21
 -33513.362     2.973    -1.08    1.30
 -33227.057     3.442     1.64    1.60
 -32940.755     3.831     1.36    1.62
 -32654.455     4.283     1.58    1.48
 -32368.157     4.621     1.18    1.54
 -32081.862     4.990     1.29    1.84
 -31795.570     5.352     1.26    1.99
 -31509.280     5.331    -0.07    1.96
 -31222.993     5.050    -0.98    2.03
 -30936.708     4.853    -0.69    2.07
 -30650.426     4.728    -0.44    2.21
 -30364.146     4.735     0.02    2.40
 -30077.869     5.096     1.26    2.64
 -29791.594     5.932     2.92    3.16
 -29505.322     6.742     2.83    3.70
 -29219.052     8.143     4.90    4.39
 -28932.785    10.024     6.57    4.98
 -28646.520    12.552     8.83    5.54
 -28360.258    14.950     8.38    5.42
 -28073.999    17.162     7.73    4.69
 -27787.742    19.017     6.48    3.65
 -27501.487    20.532     5.29    2.84
 -27215.235    21.158     2.19    2.27
 -26928.986    21.432     0.96    2.08
 -26642.739    21.284    -0.52    1.96
 -26356.494    21.700     1.45    2.16
 -26070.252    22.482     2.73    2.64
 -25784.013    23.594     3.89    3.69
 -25497.776    25.315     6.01    4.69
 -25211.542    27.952     9.21    5.23
 -24925.310    30.365     8.43    5.11
 -24639.081    32.639     7.95    4.79
 -24352.854    34.059     4.96    4.22
 -24066.630    34.735     2.36    3.81
 -23780.408    35.088     1.23    3.37
 -23494.189    35.090     0.01    3.44
 -23207.972    34.649    -1.54    3.46
 -22921.758    34.264    -1.35    3.11
 -22635.547    33.869    -1.38    2.61
 -22349.338    33.735    -0.47    2.32
 -22063.131    33.762     0.10    2.07
 -21776.927    33.667    -0.33    1.87
 -21490.725    33.385    -0.98    1.84
 -21204.526    33.008    -1.32    1.92
 -20918.330    32.505    -1.76    2.05
 -20632.136    32.480    -0.09    2.37
 -20345.945    33.388     3.17    3.57
 -20059.756    34.950     5.46    4.71
 -19773.569    36.308     4.75    4.79
 -19487.385    37.114     2.82    4.62
 -19201.204    37.347     0.81    4.53
 -18915.025    37.563     0.76    4.21
 -18628.849    36.388    -4.11    4.03
 -18342.675    35.134    -4.38    3.36
 -18056.504    34.580    -1.93    2.92
 -17770.335    34.664     0.29    2.86
 -17484.169    35.017     1.23    2.50
 -17198.005    34.551    -1.63    2.95
 -16911.844    33.061    -5.21    4.11
 -16625.685    31.874    -4.15    4.24
 -16339.529    30.789    -3.79    4.03
 -16053.376    29.854    -3.27    3.42
 -15767.225    29.596    -0.90    3.01
 -15480.967    30.232     2.22    3.26
 -15194.195    31.671     5.02    3.72
 -14907.426    32.827     4.03    3.79
 -14620.660    33.806     3.41    3.30
 -14333.898    34.138     1.16    3.18
 -14047.139    33.582    -1.94    3.47
 -13760.383    32.899    -2.38    3.56
 -13473.630    31.679    -4.25    4.24
 -13186.881    30.267    -4.92    4.19
 -12900.135    29.026    -4.33    3.67
 -12613.392    28.059    -3.37    3.27
 -12326.653    27.503    -1.94    3.14
 -12039.917    26.935    -1.98    2.55
 -11753.184    26.481    -1.58    2.11
 -11466.454    26.796     1.10    1.75
 -11179.728    26.978     0.63    1.73
 -10893.004    26.829    -0.52    1.79
 -10606.284    26.897     0.24    1.89
 -10319.568    27.081     0.64    2.02
 -10032.854    27.342     0.91    2.04
  -9746.144    28.109     2.68    2.36
  -9459.437    29.004     3.12    2.94
  -9172.734    29.935     3.25    3.01
  -8886.034    30.950     3.54    2.84
  -8599.337    31.491     1.89    2.50
  -8312.643    31.521     0.11    2.46
  -8025.952    31.268    -0.88    2.71
  -7739.265    30.604    -2.32    2.99
  -7452.581    29.986    -2.15    2.96
  -7165.900    29.122    -3.01    2.75
  -6879.223    28.514    -2.12    2.35
  -6592.548    28.307    -0.72    2.02
  -6305.878    28.359     0.18    2.03
  -6019.210    28.870     1.78    2.31
  -5732.545    29.778     3.17    2.62
  -5445.884    30.450     2.35    2.96
  -5159.226    31.107     2.29    3.17
  -4872.572    31.920     2.83    3.06
  -4585.920    32.693     2.70    2.73
  -4299.272    34.274     5.52    4.59
  -4012.627    36.494     7.74    6.55
  -3725.986    38.087     5.56    7.02
  -3439.347    38.974     3.10    6.81
  -3152.712    39.342     1.28    6.57
  -2866.081    37.121    -7.75   10.10
  -2579.452    31.186   -20.71   15.60
  -2292.827    23.339   -27.38   17.71
  -2006.205    15.883   -26.01   17.15
  -1719.586    10.193   -19.85   15.45
  -1432.970     4.553   -19.68   11.04
  -1146.358     0.520   -14.07    3.60
   -859.749    -0.279    -2.79    0.00
   -573.143    -0.279     0.00    0.00
   -286.541    -0.279     0.00    0.00
      0.058    -0.279     0.00    0.00
    286.654    -0.279     0.00    0.00
    573.247    -0.279     0.00    0.00
    859.836    -0.272     0.02    0.08
   1146.422     0.273     1.90    2.51
   1433.005     2.296     7.06    5.80
   1719.585     4.686     8.34    7.65
   2006.161     7.200     8.77    8.61
   2292.735    10.118    10.18    8.86
   2579.304    12.763     9.23    8.19
   2865.871    15.076     8.07    6.82
   3152.434    17.157     7.26    4.51
   3438.995    18.742     5.53    2.89
   3725.551    19.374     2.21    2.53
   4012.105    19.762     1.35    2.16
   4298.655    20.362     2.10    2.69
   4585.202    21.699     4.67    4.41
   4871.746    23.864     7.55    6.34
   5158.287    26.973    10.85    8.27
   5444.824    29.714     9.57    8.30
   5731.358    30.500     2.74    8.09
   6017.889    30.591     0.32    8.35
   6304.416    30.252    -1.18    8.62
   6590.941    29.142    -3.87    8.21
   6877.462    28.800    -1.19    8.14
   7163.980    29.192     1.37    8.20
   7450.494    31.584     8.35    9.25
   7737.005    34.528    10.27    8.95
   8023.513    36.748     7.75    8.10
   8310.018    38.605     6.48    7.12
   8596.520    40.557     6.81    6.34
   8883.018    41.520     3.36    6.46
   9169.513    41.699     0.63    6.12
   9456.004    41.749     0.17    6.10
   9742.493    42.028     0.97    6.04
  10028.978    42.161     0.47    5.45
  10315.460    41.991    -0.59    4.54
  10601.939    41.536    -1.59    3.84
  10888.414    41.457    -0.28    3.08
  11174.886    41.813     1.24    2.98
  11461.355    42.080     0.93    3.61
  11747.821    41.897    -0.64    4.21
  12034.284    40.111    -6.23    6.50
  12320.743    37.679    -8.49    8.11
  12607.199    35.568    -7.37    8.48
  12893.651    34.273    -4.52    8.93
  13180.101    33.172    -3.84    8.88
  13466.547    31.983    -4.15    8.74
  13752.990    33.189     4.21    8.94
  14039.430    35.693     8.74    9.16
  14325.866    38.207     8.78    9.44
  14612.299    39.694     5.19    9.40
  14898.729    40.968     4.45    9.00
  15185.156    43.631     9.30    7.64
  15471.579    46.568    10.25    4.21
  15757.999    47.883     4.59    2.18
  16044.416    48.411     1.84    2.06
  16330.830    49.094     2.39    2.63
  16617.240    49.749     2.29    2.98
  16903.647    51.110     4.75    3.44
  17190.051    52.165     3.69    3.75
  17476.452    52.228     0.22    5.80
  17762.849    52.510     0.98    7.37
  18049.244    53.094     2.04    8.14
  18335.634    54.267     4.10    8.68
  18622.022    56.182     6.69    9.20
  18908.406    57.686     5.25    9.90
  19194.788    59.557     6.53   10.60
  19481.166    61.024     5.13   10.75
  19767.540    62.381     4.74   10.84
  20053.912    63.478     3.83   11.10
  20340.280    65.345     6.52   11.00
  20626.645    66.451     3.86   10.89
  20913.006    68.800     8.20    9.64
  21199.365    71.026     7.78    8.25
  21485.720    71.214     0.66    8.25
  21772.072    71.190    -0.08    8.32
  22058.420    72.422     4.30    8.24
  22344.766    74.021     5.58    7.84
  22631.108    74.664     2.25    8.32
  22917.447    74.822     0.55    8.55
  23203.783    76.489     5.82    9.73
  23490.115    79.461    10.38   10.65
  23776.444    82.077     9.14   10.80
  24062.770    85.258    11.11    9.64
  24349.093    87.914     9.28    7.55
  24635.412    90.419     8.75    6.03
  24921.728    92.685     7.92    6.43
  25208.041    94.613     6.73    7.52
  25494.351    95.964     4.72    8.47
  25780.657    97.279     4.59    9.04
  26066.961    98.369     3.81    9.28
  26353.261    96.555    -6.34   11.67
  26639.557    92.068   -15.67   14.66
  26925.851    87.383   -16.37   15.05
  27212.141    82.885   -15.71   14.39
  27498.428    79.347   -12.36   12.54
  27784.712    76.880    -8.62   11.36
  28070.992    77.061     0.63   11.31
  28357.269    79.585     8.82   11.61
  28643.543    81.550     6.86   11.38
  28929.814    81.941     1.37   10.84
  29216.082    81.478    -1.62   11.13
  29502.346    78.150   -11.63   13.33
  29788.607    73.664   -15.67   15.17
  30074.865    68.169   -19.19   14.76
  30361.119    63.877   -14.99   13.68
  30647.370    59.775   -14.33   12.06
  30933.619    56.672   -10.84   10.23
  31219.863    54.450    -7.77    7.72
  31506.105    54.182    -0.93    6.61
  31792.343    54.381     0.69    6.61
  32078.578    53.989    -1.37    7.21
  32364.810    53.155    -2.91    8.29
  32651.039    51.200    -6.83    9.81
  32937.264    47.886   -11.58   11.35
  33223.486    45.280    -9.11   11.54
  33509.705    42.856    -8.47   11.34
  33795.920    41.085    -6.19   10.83
  34082.133    41.052    -0.12   11.36
  34368.342    41.573     1.82   12.08
  34654.548    43.047     5.15   11.93
  34940.750    44.955     6.67   10.80
  35226.950    46.367     4.93    9.50
  35513.146    46.945     2.02    7.64
  35799.339    46.200    -2.60    6.28
  36085.529    45.317    -3.09    6.11
  36371.715    43.693    -5.68    6.32
  36657.898    42.026    -5.82    6.83
  36944.078    40.175    -6.47    6.68
  37230.255    38.124    -7.17    5.82
  37516.428    35.825    -8.03    6.19
  37802.599    32.217   -12.61    7.14
  38088.766    28.969   -11.35    7.84
  38374.929    26.771    -7.68    7.38
  38661.090    24.792    -6.91    7.08
  38947.247    22.478    -8.09    6.67
  39233.401    21.087    -4.86    5.30
  39519.552    21.474     1.35    5.18
  39805.699    22.999     5.33    6.34
  40091.844    25.185     7.64    8.19
  40377.985    28.934    13.10   10.09
  40664.123    34.000    17.70   10.87
  40950.257    39.383    18.81   10.85
  41236.389    44.872    19.18   10.38
  41522.517    48.983    14.37    9.06
  41808.642    50.693     5.98    9.01
  42094.763    50.252    -1.54   10.10
  42380.882    48.932    -4.61    9.82
  42666.997    48.005    -3.24    9.34
  42953.109    46.953    -3.67    8.47
  43239.217    46.238    -2.50    7.44
  43525.323    47.096     3.00    7.22
  43811.425    49.238     7.49    7.30
  44097.524    51.644     8.41    6.65
  44383.620    53.092     5.06    7.12
  44669.712    54.749     5.79    8.04
  44955.801    56.992     7.84    7.89
  45241.887    59.600     9.12    5.68
  45527.970    61.148     5.41    4.29
  45814.050    61.964     2.85    3.53
  46100.126    62.383     1.46    3.01
  46386.387    62.742     1.25    2.70
  46673.238    62.501    -0.84    2.54
  46960.084    62.857     1.24    2.74
  47246.927    63.600     2.59    3.11
  47533.765    64.931     4.64    4.56
  47820.600    67.086     7.52    6.40
  48107.431    69.093     7.00    7.06
  48394.257    71.397     8.03    7.37
  48681.080    74.267    10.01    7.39
  48967.898    77.459    11.13    7.67
  49254.713    80.266     9.79    7.97
  49541.524    82.693     8.46    8.08
  49828.330    84.803     7.36    7.81
  50115.133    86.833     7.08    6.83
  50401.932    88.771     6.76    5.05
  50688.726    89.338     1.98    4.72
  50975.517    88.885    -1.58    5.37
  51262.304    87.714    -4.08    5.78
  51549.086    85.755    -6.83    5.96
  51835.865    83.369    -8.32    6.32
  52122.640    80.550    -9.83    7.12
  52409.411    77.912    -9.20    7.17
  52696.177    75.807    -7.34    6.45
  52982.940    74.511    -4.52    5.34
  53269.699    74.109    -1.40    4.72
  53556.454    74.115     0.02    4.50
  53843.204    74.469     1.23    4.68
  54129.951    74.397    -0.25    5.19
  54416.694    73.207    -4.15    6.18
  54703.433    71.294    -6.67    6.66
  54990.168    69.207    -7.28    5.38
  55276.898    67.347    -6.49    3.90
  55563.625    66.397    -3.31    2.97
  55850.348    66.174    -0.78    2.77
  56137.067    66.992     2.85    3.02
  56423.782    67.620     2.19    2.83
  56710.493    67.173    -1.56    3.61
  56997.200    66.324    -2.96    4.59
  57283.903    64.749    -5.49    5.72
  57570.602    62.281    -8.61    6.79
  57857.297    58.778   -12.22    6.98
  58143.988    55.915    -9.99    5.80
  58430.675    54.728    -4.14    5.38
  58717.358    53.905    -2.87    5.29
  59004.037    52.721    -4.13    5.40
  59290.712    52.214    -1.77    5.47
  59577.383    51.786    -1.49    5.57
  59864.050    51.620    -0.58    5.13
  60150.713    51.031    -2.06    4.51
  60437.372    50.906    -0.44    4.01
  60724.027    50.993     0.30    3.76
  61010.678    50.810    -0.64    3.81
  61297.325    50.257    -1.93    4.48
  61583.969    49.257    -3.49    5.07
  61870.608    47.471    -6.23    5.17
  62157.243    46.121    -4.71    4.42
  62443.874    45.973    -0.52    4.45
  62730.501    47.238     4.42    5.56
  63017.125    49.005     6.16    6.18
  63303.744    50.641     5.71    5.84
  63590.359    52.250     5.61    5.00
  63876.970    53.466     4.24    4.28
  64163.578    54.197     2.55    4.20
  64450.181    54.136    -0.21    4.03
  64736.781    53.686    -1.57    3.30
  65023.376    53.318    -1.29    2.65
  65309.967    53.467     0.52    2.67
  65596.555    53.693     0.79    3.08
  65883.138    53.549    -0.50    3.22
  66169.718    53.449    -0.35    3.44
  66456.293    53.473     0.08    3.65
  66742.865    53.907     1.51    4.29
  67029.432    54.564     2.29    4.71
  67315.996    55.614     3.66    5.32
  67602.555    57.913     8.02    6.13
  67889.111    60.129     7.73    6.30
  68175.663    62.522     8.35    5.60
  68462.210    64.623     7.33    4.77
  68748.754    65.417     2.77    4.22
  69035.293    64.750    -2.33    4.67
  69321.829    63.728    -3.57    5.00
  69608.361    63.551    -0.62    4.93
  69894.889    63.340    -0.74    4.93
  70181.412    63.687     1.21    5.12
  70467.932    64.311     2.18    5.75
  70754.448    66.174     6.50    6.31
  71040.960    67.935     6.15    6.05
  71327.468    69.486     5.41    5.74
  71613.972    70.652     4.07    5.36
  71900.472    70.886     0.82    5.35
  72186.968    70.021    -3.02    5.66
  72473.460    68.328    -5.91    5.92
  72759.948    66.433    -6.61    6.31
  73046.432    64.129    -8.04    5.95
  73332.912    62.367    -6.15    5.05
  73619.388    60.809    -5.44    4.04
  73905.860    59.610    -4.19    3.32
  74192.328    58.858    -2.63    2.84
  74478.792    58.469    -1.36    3.07
  74765.252    58.624     0.54    3.35
  75051.708    59.156     1.86    3.48
  75338.161    59.381     0.78    3.59
  75624.609    59.646     0.92    3.77
  75911.053    60.505     3.00    4.43
  76197.494    61.678     4.09    5.41
  76483.930    63.350     5.84    5.89
  76770.362    65.169     6.35    5.48
  77056.791    66.597     4.98    4.99
  77343.215    68.045     5.06    4.42
  77629.636    69.385     4.68    4.14
  77916.052    70.606     4.26    4.13
  78202.465    71.555     3.32    4.28
  78488.873    72.072     1.80    4.29
  78775.278    72.605     1.86    4.39
  79061.678    72.735     0.45    5.00
  79348.075    71.714    -3.56    6.41
  79634.468    70.409    -4.56    7.03
  79920.856    68.699    -5.97    7.43
  80207.241    66.980    -6.00    7.88
  80493.622    64.850    -7.44    7.61
  80779.999    62.796    -7.17    6.68
  81066.371    61.091    -5.95    5.34
  81352.740    59.507    -5.53    3.92
  81639.105    58.842    -2.32    3.09
  81925.466    58.564    -0.97    2.99
  82211.823    58.452    -0.39    3.75
  82498.176    59.462     3.53    5.01
  82784.525    60.059     2.08    5.74
  83070.870    59.998    -0.21    5.97
  83357.211    59.540    -1.60    6.32
  83643.548    58.482    -3.69    6.30
  83929.881    57.169    -4.58    5.71
  84216.211    55.292    -6.55    4.27
  84502.536    53.701    -5.56    2.40
  84788.857    53.075    -2.18    1.67
  85075.174    53.311     0.82    1.96
  85361.488    53.989     2.37    2.57
  85647.797    54.905     3.20    3.20
  85934.103    55.645     2.58    3.10
  86220.404    56.207     1.96    2.93
  86506.701    56.495     1.00    2.68
  86792.995    56.954     1.60    2.53
  87079.284    57.361     1.42    2.68
  87365.570    57.599     0.83    2.69
